datetime,open,high,low,close,volume,openinterest,ma5_over_ma10,dif_over_dea,mavol5_over_mavol10,plate
2011-01-07,9.53,12.36,9.5,11.01,393658490.0,0,,,,a
2011-01-10,10.75,12.11,10.62,12.11,179705112.0,0,,1,,a
2011-01-11,11.94,12.36,10.9,11.24,206033762.0,0,,-1,,a
2011-01-12,11.01,11.38,10.78,11.26,114894368.0,0,,,,a
2011-01-13,11.33,11.33,10.23,10.36,106349049.0,0,,,,a
2011-01-14,10.25,10.85,10.25,10.56,84845139.0,0,1,,,a
2011-01-17,10.48,10.96,10.09,10.46,86286026.0,0,-1,,,a
2011-01-18,10.29,10.3,9.56,9.95,76625099.0,0,,,,a
2011-01-19,9.82,10.95,9.67,10.73,104968592.0,0,,,,a
2011-01-20,10.54,11.2,10.37,10.97,115367822.0,0,,1,,a
2011-01-21,10.81,11.95,10.81,11.28,134907976.0,0,,,,a
2011-01-24,11.3,11.7,10.87,10.92,77067227.0,0,,,,a
2011-01-25,10.8,10.8,9.91,10.34,65689435.0,0,1,,1.0,a
2011-01-26,10.3,10.59,10.08,10.46,55336323.0,0,,-1,-1.0,a
2011-01-27,10.33,11.51,10.27,11.51,76982564.0,0,,1,,a
2011-01-28,11.71,12.3,11.45,11.97,129378785.0,0,,,,a
2011-01-31,11.8,13.17,11.76,12.75,123417257.0,0,,,,a
2011-02-01,12.64,14.0,12.43,13.83,116012509.0,0,,,1.0,a
2011-02-09,13.8,15.18,13.6,14.87,131409991.0,0,,,,a
2011-02-10,14.58,16.0,14.41,14.67,139029830.0,0,,,,a
2011-02-11,14.63,15.23,14.48,14.88,96878933.0,0,,,,a
2011-02-14,14.9,15.09,14.4,14.98,84952891.0,0,,,,a
2011-02-15,14.8,15.87,14.6,15.04,112864071.0,0,,,,a
2011-02-16,14.73,15.56,14.73,15.44,79555121.0,0,,,-1.0,a
2011-02-17,15.85,16.98,15.56,16.98,130637277.0,0,,,,a
2011-02-18,16.7,16.8,15.28,15.31,151701799.0,0,,,,a
2011-02-21,15.04,15.74,14.67,15.43,82076174.0,0,,,,a
2011-02-23,14.65,15.22,14.6,14.83,62552972.0,0,,,,a
2011-02-24,14.98,15.58,14.85,15.21,54647118.0,0,,,,a
2011-02-25,15.16,15.16,14.71,14.91,37195037.0,0,-1,-1,,a
2011-02-28,14.92,15.36,14.53,15.32,50940584.0,0,,,,a
2011-03-01,15.3,15.57,14.88,15.03,52012386.0,0,,,,a
2011-03-02,14.75,14.76,13.91,14.45,65392811.0,0,,,,a
2011-03-03,14.35,15.0,14.28,14.39,53474988.0,0,,,,a
2011-03-04,14.24,14.38,13.92,14.2,42538792.0,0,,,,a
2011-03-07,14.19,14.67,14.15,14.52,41802602.0,0,,,,a
2011-03-08,14.35,14.45,14.01,14.24,41862514.0,0,,,,a
2011-03-09,14.13,14.86,14.01,14.6,64332778.0,0,,,,a
2011-03-10,14.44,14.52,14.2,14.29,37502476.0,0,,,,a
2011-03-11,14.1,14.28,13.8,13.88,45623968.0,0,,,,a
2011-03-14,13.5,13.67,13.1,13.37,46339791.0,0,,,,a
2011-03-15,13.28,13.69,13.19,13.58,42484104.0,0,,,,a
2011-03-16,13.66,13.8,13.32,13.75,37732515.0,0,,,,a
2011-03-17,13.58,13.95,13.35,13.51,31496400.0,0,,,,a
2011-03-18,13.81,14.45,13.7,14.08,58210876.0,0,,,,a
2011-03-21,13.98,14.05,13.42,13.6,37431142.0,0,,,,a
2011-03-22,13.61,13.74,13.3,13.63,25021302.0,0,,,,a
2011-03-23,13.71,13.96,13.61,13.79,32265118.0,0,,,,a
2011-03-24,13.94,14.1,13.6,13.63,28074449.0,0,1,,,a
2011-03-25,13.55,13.93,13.38,13.63,29441374.0,0,-1,,,a
2011-03-28,13.63,13.64,13.22,13.29,43149021.0,0,,,,a
2011-03-29,13.17,13.21,12.64,12.67,38796214.0,0,,,,a
2011-03-30,12.4,12.89,12.4,12.69,21648658.0,0,,,,a
2011-03-31,12.72,12.85,12.2,12.35,20218271.0,0,,,,a
2011-04-01,12.44,12.49,11.99,12.35,23336045.0,0,,,,a
2011-04-06,12.2,13.34,12.14,13.21,59764066.0,0,,,1.0,a
2011-04-07,12.18,13.29,12.11,12.89,234082214.0,0,,,,a
2011-04-08,12.69,12.95,12.4,12.83,94377354.0,0,,,,a
2011-04-11,13.0,13.96,13.0,13.56,154112859.0,0,1,,,a
2011-04-12,13.47,13.95,13.32,13.79,116634470.0,0,,1,,a
2011-04-13,13.52,13.91,13.39,13.71,81612488.0,0,,,,a
2011-04-14,13.79,13.79,13.1,13.18,84496236.0,0,,,,a
2011-04-15,13.28,13.41,12.7,12.9,71315503.0,0,,,,a
2011-04-18,12.81,13.26,12.53,13.16,64084038.0,0,,,-1.0,a
2011-04-19,12.99,13.0,12.55,12.61,51069973.0,0,-1,,,a
2011-04-20,12.71,12.8,12.5,12.78,38703277.0,0,,-1,,a
2011-04-21,12.8,12.86,12.57,12.61,39921742.0,0,,,,a
2011-04-22,12.61,12.7,12.44,12.48,31629624.0,0,,,,a
2011-04-25,12.41,12.43,12.04,12.06,39198165.0,0,,,,a
2011-04-26,12.01,12.03,11.52,11.64,33818959.0,0,,,,a
2011-04-27,11.73,11.81,11.3,11.46,32230259.0,0,,,,a
2011-04-28,11.5,11.58,11.24,11.28,25859902.0,0,,,,a
2011-04-29,11.15,11.45,11.03,11.43,21274232.0,0,,,,a
2011-05-03,11.45,11.82,11.24,11.72,27074825.0,0,,,,a
2011-05-04,11.55,11.63,11.17,11.24,29246810.0,0,,,,a
2011-05-05,11.1,11.19,10.86,11.08,25343097.0,0,,,,a
2011-05-06,10.79,11.1,10.69,10.95,26097498.0,0,,,,a
2011-05-09,11.01,11.68,10.97,11.45,44046414.0,0,,,,a
2011-05-10,11.42,11.78,11.2,11.74,50932420.0,0,,,1.0,a
2011-05-11,11.73,11.74,11.38,11.4,34465079.0,0,,1,,a
2011-05-12,11.18,11.23,10.91,10.93,32568627.0,0,,-1,,a
2011-05-13,11.01,11.39,10.98,11.37,32589967.0,0,1,1,,a
2011-05-16,11.3,11.65,11.24,11.34,28960191.0,0,,,,a
2011-05-17,11.3,11.64,10.99,11.47,43345076.0,0,,,-1.0,a
2011-05-18,11.37,11.54,11.22,11.4,22466923.0,0,-1,,,a
2011-05-19,11.55,11.73,11.43,11.46,33911301.0,0,1,,,a
2011-05-20,11.31,11.42,11.17,11.28,22936929.0,0,,,,a
2011-05-23,11.23,11.23,10.69,10.93,28440758.0,0,-1,,,a
2011-05-24,10.88,11.36,10.8,11.35,42378160.0,0,,,,a
2011-05-25,11.33,11.62,11.15,11.45,50957544.0,0,,,1.0,a
2011-05-26,11.66,12.29,11.51,11.57,92694099.0,0,,,,a
2011-05-27,11.68,11.95,11.38,11.53,53989046.0,0,,,,a
2011-05-31,11.2,11.44,10.61,11.36,48327915.0,0,1,,,a
2011-06-01,11.27,11.34,11.03,11.2,30341007.0,0,,,,a
2011-06-02,10.89,11.0,10.72,10.91,31736339.0,0,,,,a
2011-06-03,10.99,11.16,10.9,11.1,23938441.0,0,-1,,-1.0,a
2011-06-07,11.0,11.13,10.95,11.1,21534080.0,0,,,,a
2011-06-08,11.0,11.98,10.92,11.79,69972416.0,0,,,,a
2011-06-09,11.71,11.83,11.2,11.25,55322123.0,0,,,,a
2011-06-10,11.18,11.54,11.0,11.36,43824402.0,0,1,,,a
2011-06-13,11.19,11.38,10.98,11.25,29237312.0,0,,,1.0,a
2011-06-14,11.27,11.86,11.22,11.57,54538244.0,0,,,,a
2011-06-15,11.62,11.78,11.45,11.63,51736063.0,0,,,,a
2011-06-16,11.45,11.85,11.37,11.74,67008055.0,0,,,,a
2011-06-17,11.69,11.78,11.4,11.42,50754148.0,0,,,,a
2011-06-20,11.38,11.38,11.03,11.11,30942878.0,0,,,,a
2011-06-21,11.18,11.3,10.91,11.21,33265919.0,0,-1,,-1.0,a
2011-06-22,11.15,11.37,11.09,11.17,28590340.0,0,,,,a
2011-06-23,11.02,11.58,10.95,11.47,46736409.0,0,,,,a
2011-06-24,11.4,12.49,11.36,12.06,103727742.0,0,,,,a
2011-06-27,11.88,12.18,11.86,12.02,67935110.0,0,1,,1.0,a
2011-06-28,11.98,12.47,11.93,12.2,70572361.0,0,,,,a
2011-06-29,12.3,12.44,12.0,12.01,57965066.0,0,,,,a
2011-06-30,12.07,12.4,12.07,12.32,53908038.0,0,,,,a
2011-07-01,12.37,12.43,12.18,12.2,42266661.0,0,,,,a
2011-07-04,12.31,12.85,12.25,12.66,76946569.0,0,,,,a
2011-07-05,12.72,12.78,12.51,12.68,48230977.0,0,,,-1.0,a
2011-07-06,12.65,12.66,12.33,12.49,43399216.0,0,,,,a
2011-07-07,12.47,12.8,12.46,12.53,50322270.0,0,,,,a
2011-07-08,12.56,12.64,12.4,12.5,27297193.0,0,,,,a
2011-07-11,12.32,12.35,12.05,12.22,28173423.0,0,,,,a
2011-07-12,12.09,12.16,12.0,12.02,26953864.0,0,,,,a
2011-07-13,12.07,12.34,12.07,12.3,27850386.0,0,-1,,,a
2011-07-14,12.35,12.48,12.12,12.43,39080026.0,0,,,,a
2011-07-15,12.33,12.43,12.22,12.32,27381380.0,0,,,,a
2011-07-18,12.38,12.43,12.22,12.25,22217412.0,0,,-1,,a
2011-07-19,12.23,12.25,11.98,12.06,27197626.0,0,,,,a
2011-07-20,12.18,12.27,12.0,12.2,25217268.0,0,,,,a
2011-07-21,12.22,12.22,11.81,11.82,27067268.0,0,,,,a
2011-07-22,11.84,11.94,11.7,11.76,19964668.0,0,,,,a
2011-07-25,11.72,11.78,11.2,11.26,27746977.0,0,,,,a
2011-07-26,11.25,11.39,11.16,11.34,13047746.0,0,,,,a
2011-07-27,11.33,11.52,11.21,11.47,16683500.0,0,,,,a
2011-07-28,11.29,11.37,11.1,11.24,19080473.0,0,,,,a
2011-07-29,11.25,11.35,11.1,11.15,13977901.0,0,,,,a
2011-08-01,11.12,11.36,11.12,11.27,10926587.0,0,,,,a
2011-08-02,11.2,11.24,10.98,11.17,16260757.0,0,,,,a
2011-08-03,11.03,11.22,11.0,11.2,11530379.0,0,,,,a
2011-08-04,11.19,11.34,11.18,11.25,12650480.0,0,,,,a
2011-08-05,10.88,11.12,10.7,10.93,21073853.0,0,,,,a
2011-08-09,9.84,10.73,9.84,10.42,47898091.0,0,,,1.0,a
2011-08-10,10.7,10.75,10.4,10.44,21651648.0,0,,,,a
2011-08-11,10.19,10.54,10.12,10.53,19178417.0,0,,,,a
2011-08-12,10.65,10.68,10.47,10.54,20525225.0,0,,,,a
2011-08-15,10.55,10.77,10.5,10.7,17285001.0,0,,,,a
2011-08-16,10.69,10.7,10.41,10.42,16155399.0,0,,,-1.0,a
2011-08-17,10.45,10.56,10.41,10.43,9049228.0,0,,,,a
2011-08-18,10.43,10.47,10.15,10.18,14245545.0,0,,,,a
2011-08-19,9.94,10.09,9.88,10.08,10627272.0,0,,,,a
2011-08-22,10.05,10.18,9.97,10.0,8901877.0,0,,,,a
2011-08-23,10.06,10.19,10.04,10.18,9481385.0,0,,,,a
2011-08-24,10.25,10.35,10.09,10.13,12430961.0,0,,,,a
2011-08-25,10.16,10.46,10.12,10.45,20641777.0,0,,1,,a
2011-08-26,10.49,10.49,10.31,10.4,13632166.0,0,,,,a
2011-08-29,10.34,10.46,10.25,10.32,10254821.0,0,1,,1.0,a
2011-08-30,10.44,10.58,10.28,10.29,15848479.0,0,,,,a
2011-08-31,10.34,10.38,10.1,10.23,8908050.0,0,,,,a
2011-09-01,10.23,10.29,10.09,10.11,7535669.0,0,,,-1.0,a
2011-09-02,10.1,10.14,9.96,10.0,11824330.0,0,-1,,,a
2011-09-05,9.94,9.94,9.78,9.79,9667641.0,0,,,,a
2011-09-06,9.79,9.87,9.69,9.75,8261804.0,0,,-1,,a
2011-09-07,9.8,10.25,9.8,10.11,19901272.0,0,,1,,a
2011-09-08,10.19,10.19,9.97,9.99,11756009.0,0,,,1.0,a
2011-09-09,10.02,10.1,9.95,10.01,7455457.0,0,,,,a
2011-09-13,9.85,9.85,9.72,9.79,7974475.0,0,,,,a
2011-09-14,9.84,9.91,9.7,9.88,7139512.0,0,,,,a
2011-09-15,9.9,9.95,9.84,9.86,6760044.0,0,,,-1.0,a
2011-09-16,9.91,10.01,9.84,9.88,6595138.0,0,,,,a
2011-09-19,9.79,9.79,9.6,9.65,9134480.0,0,,,,a
2011-09-20,9.65,9.74,9.54,9.68,6326588.0,0,,,,a
2011-09-21,9.69,9.98,9.49,9.95,20293087.0,0,,,,a
2011-09-22,9.82,9.87,9.6,9.61,12242865.0,0,,,1.0,a
2011-09-23,9.43,9.55,9.31,9.4,14295837.0,0,,,,a
2011-09-26,9.33,9.44,9.18,9.2,9304536.0,0,,-1,,a
2011-09-27,9.37,9.38,9.17,9.23,6893654.0,0,,,,a
2011-09-28,9.29,9.34,8.98,9.0,9541185.0,0,,,,a
2011-09-29,8.89,8.9,8.61,8.64,9983472.0,0,,,-1.0,a
2011-09-30,8.69,8.74,8.5,8.6,5892640.0,0,,,,a
2011-10-10,8.67,8.73,8.58,8.61,5317725.0,0,,,,a
2011-10-11,8.8,8.85,8.39,8.48,8681902.0,0,,,,a
2011-10-12,8.45,8.83,8.31,8.78,16292208.0,0,,,,a
2011-10-13,8.7,9.08,8.7,8.95,18838149.0,0,,,1.0,a
2011-10-14,8.85,8.93,8.77,8.87,10492963.0,0,,,,a
2011-10-17,8.92,8.96,8.73,8.8,8355853.0,0,,1,,a
2011-10-18,8.67,8.71,8.47,8.48,10878979.0,0,1,-1,,a
2011-10-19,8.5,8.61,8.41,8.48,6072031.0,0,,,,a
2011-10-20,8.33,8.36,7.96,8.05,13810182.0,0,-1,,-1.0,a
2011-10-21,8.06,8.11,7.73,7.84,10358985.0,0,,,,a
2011-10-24,7.84,8.0,7.55,7.9,15170964.0,0,,,,a
2011-10-25,7.92,8.43,7.77,8.29,24100397.0,0,,,1.0,a
2011-10-26,8.16,8.55,8.12,8.39,28055140.0,0,,1,,a
2011-10-27,8.37,8.48,8.3,8.35,15168914.0,0,,,,a
2011-10-28,8.63,8.69,8.39,8.48,26999505.0,0,,,,a
2011-10-31,8.4,8.53,8.36,8.42,14788201.0,0,1,,,a
2011-11-01,8.31,8.68,8.27,8.58,26856641.0,0,,,,a
2011-11-02,8.37,8.65,8.3,8.64,21856472.0,0,,,,a
2011-11-03,8.67,8.87,8.62,8.74,34561998.0,0,,,,a
2011-11-04,8.82,8.96,8.79,8.95,29714871.0,0,,,,a
2011-11-07,8.93,8.94,8.63,8.67,27374305.0,0,,,,a
2011-11-08,8.73,8.75,8.48,8.54,15385451.0,0,,,,a
2011-11-09,8.57,8.64,8.34,8.58,15668704.0,0,,,,a
2011-11-10,8.37,8.38,8.18,8.18,28286388.0,0,,,-1.0,a
2011-11-11,8.18,8.26,8.12,8.19,13813223.0,0,-1,,,a
2011-11-14,8.33,8.47,8.24,8.45,20000461.0,0,,,,a
2011-11-15,8.46,9.3,8.46,9.3,60709036.0,0,,,1.0,a
2011-11-16,9.54,9.55,9.06,9.19,91719142.0,0,,,,a
2011-11-17,9.1,9.28,9.0,9.17,39159611.0,0,1,,,a
2011-11-18,9.03,9.08,8.65,8.76,32934097.0,0,,,,a
2011-11-21,8.78,8.81,8.5,8.72,19912527.0,0,,,,a
2011-11-22,8.57,8.66,8.45,8.59,16319578.0,0,,,,a
2011-11-23,8.66,8.77,8.53,8.55,17861343.0,0,,,-1.0,a
2011-11-24,8.34,8.47,8.23,8.37,15929754.0,0,-1,,,a
2011-11-25,8.39,8.44,8.15,8.19,14318131.0,0,,-1,,a
2011-11-28,8.29,8.34,8.22,8.31,11134840.0,0,,,,a
2011-11-29,8.41,8.57,8.24,8.57,20600016.0,0,,,,a
2011-11-30,8.53,8.53,7.88,7.99,21945406.0,0,,,,a
2011-12-01,8.34,8.4,8.11,8.15,23143695.0,0,,,,a
2011-12-02,8.08,8.12,7.88,7.97,13517212.0,0,,,1.0,a
2011-12-05,7.92,7.98,7.64,7.68,9690129.0,0,,,,a
2011-12-06,7.66,7.89,7.61,7.83,8650084.0,0,,,-1.0,a
2011-12-07,7.78,7.95,7.77,7.91,8667627.0,0,,,,a
2011-12-08,7.89,7.96,7.69,7.81,9668060.0,0,,,,a
2011-12-09,7.72,7.83,7.68,7.72,7251533.0,0,,,,a
2011-12-12,7.73,7.83,7.7,7.7,6727524.0,0,,,,a
2011-12-13,7.67,7.67,7.1,7.19,17774474.0,0,,,,a
2011-12-14,7.14,7.25,6.88,6.9,12381206.0,0,,,,a
2011-12-15,6.89,6.9,6.48,6.49,17887680.0,0,,,1.0,a
2011-12-16,6.51,6.76,6.49,6.75,12746860.0,0,,,,a
2011-12-19,6.7,6.78,6.4,6.74,15171391.0,0,,,,a
2011-12-20,6.7,6.86,6.62,6.67,11492795.0,0,,,,a
2011-12-21,6.79,7.08,6.67,6.69,20179532.0,0,,,,a
2011-12-22,6.48,6.68,6.32,6.58,14532045.0,0,,,,a
2011-12-23,6.53,6.75,6.53,6.68,11262548.0,0,,,,a
2011-12-26,6.66,6.95,6.62,6.78,13401624.0,0,,,-1.0,a
2011-12-27,6.63,6.8,6.58,6.61,8563485.0,0,,,,a
2011-12-28,6.6,6.76,6.42,6.71,10133748.0,0,1,1,,a
2011-12-29,6.66,6.86,6.6,6.71,11795298.0,0,,,,a
2011-12-30,6.74,6.9,6.71,6.8,12096799.0,0,,,,a
2012-01-04,6.89,6.95,6.5,6.53,10617928.0,0,-1,,,a
2012-01-05,6.47,6.53,6.1,6.19,11974150.0,0,,,,a
2012-01-06,6.15,6.24,5.89,6.11,20815331.0,0,,-1,1.0,a
2012-01-09,6.11,6.52,5.98,6.47,27272771.0,0,,1,,a
2012-01-10,6.4,6.89,6.39,6.88,31739990.0,0,,,,a
2012-01-11,6.85,6.96,6.72,6.84,22703483.0,0,,,,a
2012-01-13,6.89,6.96,6.49,6.52,21918955.0,0,,,,a
2012-01-16,6.41,6.64,6.35,6.5,14354217.0,0,1,,,a
2012-01-17,6.79,7.15,6.64,7.15,42177542.0,0,,,,a
2012-01-18,7.3,7.57,7.15,7.41,59082975.0,0,,,,a
2012-01-19,7.29,7.54,7.22,7.48,35123272.0,0,,,,a
2012-01-20,7.48,8.0,7.32,7.73,44573887.0,0,,,,a
2012-01-30,7.67,7.67,7.27,7.3,37167568.0,0,,,,a
2012-01-31,7.37,7.41,7.24,7.39,20108934.0,0,,,,a
2012-02-01,7.3,7.4,7.1,7.18,22374673.0,0,,,-1.0,a
2012-02-02,7.22,7.35,7.16,7.34,21067634.0,0,,,,a
2012-02-03,7.31,7.45,7.24,7.39,20801991.0,0,,,,a
2012-02-06,7.58,7.66,7.37,7.5,34957031.0,0,-1,,,a
2012-02-07,7.48,7.48,7.12,7.22,26094505.0,0,,,,a
2012-02-08,7.36,7.9,7.3,7.68,54862742.0,0,1,,,a
2012-02-09,7.69,8.19,7.66,7.87,65361774.0,0,,,1.0,a
2012-02-10,7.71,7.96,7.68,7.79,31350374.0,0,,,,a
2012-02-13,7.62,7.89,7.62,7.79,25087374.0,0,,,,a
2012-02-14,7.75,7.78,7.62,7.72,18792168.0,0,,,,a
2012-02-15,7.79,8.06,7.74,7.96,36227909.0,0,,,,a
2012-02-16,7.85,7.94,7.72,7.82,29750085.0,0,,,-1.0,a
2012-02-17,7.87,7.91,7.72,7.79,14677390.0,0,,,,a
2012-02-20,7.96,7.97,7.72,7.74,20018290.0,0,,,,a
2012-02-21,7.76,7.92,7.63,7.91,23897012.0,0,,,,a
2012-02-22,8.07,8.2,7.97,8.13,46772175.0,0,,,,a
2012-02-23,8.0,8.12,8.0,8.04,25886593.0,0,,,,a
2012-02-27,8.24,8.43,8.1,8.15,45944316.0,0,,,1.0,a
2012-02-28,8.12,8.14,7.93,8.08,23032214.0,0,,,,a
2012-02-29,8.05,8.25,8.03,8.09,22830812.0,0,,,,a
2012-03-01,8.03,8.12,7.99,8.03,15304892.0,0,,,-1.0,a
2012-03-02,8.04,8.14,8.0,8.14,22609450.0,0,,,,a
2012-03-05,8.16,8.31,8.1,8.14,24260623.0,0,,,,a
2012-03-06,8.1,8.14,7.89,7.96,22023548.0,0,,-1,,a
2012-03-07,7.83,7.89,7.71,7.74,25624610.0,0,-1,,,a
2012-03-08,7.75,7.84,7.73,7.84,19306308.0,0,,,,a
2012-03-09,7.87,8.07,7.82,8.04,24164401.0,0,,,,a
2012-03-12,8.05,8.08,7.87,7.96,19782112.0,0,,,1.0,a
2012-03-13,7.92,8.24,7.89,8.22,39842849.0,0,,,,a
2012-03-14,8.25,8.29,7.72,7.78,45912334.0,0,,,,a
2012-03-15,7.73,7.82,7.42,7.52,27337331.0,0,,,,a
2012-03-16,7.6,7.7,7.48,7.67,16753208.0,0,,,,a
2012-03-19,7.6,7.75,7.55,7.73,17873828.0,0,,,,a
2012-03-20,7.76,7.76,7.5,7.51,13952666.0,0,,,-1.0,a
2012-03-21,7.58,7.72,7.5,7.6,17816273.0,0,,,,a
2012-03-22,7.58,7.68,7.45,7.52,12520598.0,0,,,,a
2012-03-23,7.49,7.5,7.26,7.32,14467273.0,0,,,,a
2012-03-26,7.33,7.38,7.2,7.26,7261768.0,0,,,,a
2012-03-27,7.36,7.37,7.25,7.28,7648215.0,0,,,,a
2012-03-28,7.25,7.25,6.95,6.95,13411993.0,0,,,,a
2012-03-29,6.91,6.91,6.67,6.68,10375175.0,0,,,,a
2012-03-30,6.7,6.78,6.64,6.71,6991118.0,0,,,,a
2012-04-05,6.71,6.9,6.66,6.89,9824472.0,0,,,,a
2012-04-06,6.87,6.93,6.82,6.92,11265835.0,0,,,,a
2012-04-09,6.88,6.88,6.72,6.73,8553062.0,0,,,,a
2012-04-10,6.69,6.8,6.5,6.78,10930622.0,0,,,,a
2012-04-11,6.67,6.81,6.64,6.75,7824659.0,0,,,1.0,a
2012-04-12,7.38,7.39,7.0,7.19,39141251.0,0,,,,a
2012-04-13,7.03,7.22,7.01,7.13,28918558.0,0,1,1,,a
2012-04-16,7.05,7.29,7.02,7.18,21968249.0,0,,,,a
2012-04-17,7.15,7.23,6.99,7.02,15621940.0,0,,,,a
2012-04-18,7.08,7.24,7.03,7.2,18215164.0,0,,,,a
2012-04-19,7.19,7.3,7.15,7.27,17686949.0,0,,,,a
2012-04-20,7.26,7.34,7.18,7.29,20523260.0,0,,,-1.0,a
2012-04-23,7.26,7.27,7.08,7.11,14812389.0,0,,,,a
2012-04-24,7.03,7.34,7.01,7.25,23792430.0,0,,,,a
2012-04-25,7.25,7.32,7.16,7.28,19158413.0,0,,,,a
2012-04-26,7.31,8.01,7.26,8.01,75101032.0,0,,,1.0,a
2012-04-27,7.9,7.97,7.69,7.74,50578292.0,0,,,,a
2012-05-02,7.83,8.06,7.69,7.89,53389892.0,0,,,,a
2012-05-03,7.83,7.86,7.71,7.78,25713142.0,0,,,,a
2012-05-04,7.78,7.79,7.54,7.73,27016432.0,0,,,,a
2012-05-07,7.63,7.78,7.61,7.7,17544360.0,0,,,,a
2012-05-08,7.69,7.88,7.66,7.77,23612484.0,0,,,-1.0,a
2012-05-09,7.7,7.79,7.52,7.71,23643384.0,0,,,,a
2012-05-10,7.69,7.79,7.63,7.7,13189765.0,0,-1,,,a
2012-05-11,7.7,8.08,7.66,7.74,35924490.0,0,,,,a
2012-05-14,7.8,7.8,7.51,7.52,23082170.0,0,,,,a
2012-05-15,7.45,7.45,7.28,7.36,19590035.0,0,,-1,,a
2012-05-16,7.4,7.42,7.15,7.16,13978561.0,0,,,,a
2012-05-17,7.15,7.29,7.11,7.27,10617996.0,0,,,,a
2012-05-18,7.2,7.28,7.12,7.14,12702756.0,0,,,,a
2012-05-21,7.18,7.32,7.1,7.24,10236169.0,0,,,,a
2012-05-22,7.3,7.48,7.22,7.36,12503225.0,0,,,,a
2012-05-23,7.25,7.31,7.13,7.25,11778123.0,0,,,,a
2012-05-24,7.25,7.28,7.09,7.14,10098820.0,0,,,,a
2012-05-25,7.13,7.18,6.93,6.96,11341640.0,0,,,,a
2012-05-28,6.96,7.1,6.82,7.09,11114449.0,0,,,,a
2012-05-29,7.07,7.25,7.04,7.22,13801793.0,0,,,,a
2012-05-31,7.1,7.17,7.05,7.12,11243746.0,0,,,,a
2012-06-01,7.12,7.22,7.09,7.12,9396741.0,0,,,,a
2012-06-04,6.93,6.98,6.8,6.83,13114545.0,0,,,1.0,a
2012-06-05,6.85,6.9,6.76,6.8,6406220.0,0,,,-1.0,a
2012-06-06,6.83,6.89,6.78,6.83,5985126.0,0,,,,a
2012-06-07,6.93,6.98,6.75,6.78,7143302.0,0,,,,a
2012-06-08,6.82,6.84,6.65,6.67,9832649.0,0,,,,a
2012-06-11,6.72,6.8,6.67,6.77,5935135.0,0,,,,a
2012-06-12,6.71,6.73,6.64,6.66,5874496.0,0,,,,a
2012-06-13,6.68,6.82,6.65,6.8,6047229.0,0,,,,a
2012-06-14,6.79,6.86,6.72,6.76,8300854.0,0,,,,a
2012-06-15,6.77,6.86,6.75,6.85,6843101.0,0,,,,a
2012-06-18,6.95,6.99,6.87,6.92,8970331.0,0,1,1,1.0,a
2012-06-19,6.9,7.0,6.8,6.94,10068459.0,0,,,,a
2012-06-20,6.94,6.96,6.83,6.88,4703868.0,0,,,,a
2012-06-21,6.8,6.92,6.75,6.8,7625413.0,0,,,,a
2012-06-25,6.85,6.95,6.66,6.68,14866963.0,0,,,,a
2012-06-26,6.66,7.0,6.55,6.93,19675366.0,0,,,,a
2012-06-27,6.85,6.92,6.74,6.78,12276767.0,0,-1,,,a
2012-06-28,6.79,6.9,6.7,6.76,10101291.0,0,,,,a
2012-06-29,6.78,6.91,6.6,6.87,12705733.0,0,,,,a
2012-07-02,6.94,7.27,6.87,7.14,24409632.0,0,1,,,a
2012-07-03,7.09,7.15,6.97,7.07,15440165.0,0,,,,a
2012-07-04,7.13,7.15,7.03,7.07,8751416.0,0,,,,a
2012-07-05,7.06,7.06,6.75,6.81,9971066.0,0,,,,a
2012-07-06,6.86,7.0,6.7,6.98,9221266.0,0,,,-1.0,a
2012-07-09,6.88,7.07,6.79,6.8,9579201.0,0,,,,a
2012-07-10,6.8,6.95,6.7,6.87,8304010.0,0,-1,,,a
2012-07-11,6.79,6.9,6.75,6.88,6492002.0,0,,,,a
2012-07-12,6.89,6.99,6.75,6.94,12305761.0,0,,,,a
2012-07-13,6.98,7.01,6.86,6.89,7558327.0,0,,,,a
2012-07-16,6.9,6.99,6.68,6.69,11973026.0,0,,,,a
2012-07-17,6.66,6.78,6.59,6.74,8437252.0,0,1,,1.0,a
2012-07-18,6.7,7.03,6.65,6.99,18352889.0,0,,,,a
2012-07-19,6.91,7.05,6.89,6.96,14190844.0,0,,,,a
2012-07-20,6.81,6.85,6.65,6.68,19176253.0,0,-1,,,a
2012-07-23,6.57,6.57,6.45,6.51,10094840.0,0,,-1,,a
2012-07-24,6.48,6.57,6.43,6.49,6653915.0,0,,,,a
2012-07-25,6.52,6.63,6.42,6.54,8722940.0,0,,,,a
2012-07-26,6.5,6.6,6.41,6.42,6284514.0,0,,,-1.0,a
2012-07-27,6.44,6.51,6.42,6.46,4535676.0,0,,,,a
2012-07-30,6.48,6.54,6.29,6.32,5428057.0,0,,,,a
2012-07-31,6.32,6.35,6.12,6.13,6392347.0,0,,,,a
2012-08-01,6.12,6.25,6.12,6.19,4150609.0,0,,,,a
2012-08-02,6.22,6.49,6.1,6.32,10397471.0,0,,,,a
2012-08-03,6.26,6.38,6.21,6.32,8369500.0,0,,,,a
2012-08-06,6.29,6.46,6.24,6.4,10926937.0,0,,,1.0,a
2012-08-07,6.38,6.52,6.35,6.47,11273152.0,0,,,,a
2012-08-08,6.43,6.5,6.32,6.37,8581528.0,0,1,1,,a
2012-08-09,6.38,6.5,6.31,6.45,12547800.0,0,,,,a
2012-08-10,6.48,6.48,6.37,6.38,6979340.0,0,,,,a
2012-08-13,6.34,6.39,6.25,6.26,7580248.0,0,,,,a
2012-08-14,6.25,6.31,6.15,6.26,6888345.0,0,,,-1.0,a
2012-08-15,6.27,6.43,6.2,6.29,8145711.0,0,-1,,,a
2012-08-16,6.29,6.44,6.25,6.26,7355652.0,0,,,,a
2012-08-17,6.42,6.58,6.34,6.4,16266717.0,0,,,,a
2012-08-20,6.28,6.4,6.15,6.27,10784029.0,0,,,1.0,a
2012-08-21,6.2,6.41,6.18,6.35,11399526.0,0,,,,a
2012-08-22,6.31,6.37,6.21,6.25,8680899.0,0,,,,a
2012-08-23,6.26,6.35,6.21,6.32,7932783.0,0,1,,,a
2012-08-24,6.27,6.28,6.13,6.15,7761474.0,0,-1,,,a
2012-08-27,6.11,6.27,6.11,6.14,7485322.0,0,,-1,-1.0,a
2012-08-28,6.23,6.35,6.15,6.28,14167600.0,0,,1,,a
2012-08-29,6.24,6.24,6.06,6.07,12334886.0,0,,-1,,a
2012-08-30,6.07,6.12,5.93,5.98,9246870.0,0,,,,a
2012-08-31,6.0,6.02,5.92,5.96,4576715.0,0,,,1.0,a
2012-09-03,5.93,6.05,5.92,5.99,8971510.0,0,,,,a
2012-09-04,5.97,5.98,5.72,5.74,15062735.0,0,,,,a
2012-09-05,5.7,5.78,5.67,5.71,6579779.0,0,,,-1.0,a
2012-09-06,5.74,5.79,5.7,5.76,6025032.0,0,,,,a
2012-09-07,5.78,6.09,5.77,5.99,21342189.0,0,,,1.0,a
2012-09-10,6.03,6.22,6.02,6.15,22001459.0,0,,1,,a
2012-09-11,6.1,6.1,5.99,6.06,15708635.0,0,,,,a
2012-09-12,6.12,6.36,6.04,6.24,31724376.0,0,1,,,a
2012-09-13,6.18,6.19,6.04,6.05,19063659.0,0,,,,a
2012-09-14,6.36,6.4,6.13,6.2,29219089.0,0,,,,a
2012-09-17,6.21,6.23,6.02,6.05,16509938.0,0,,,,a
2012-09-18,5.99,6.03,5.87,5.95,12602511.0,0,,,,a
2012-09-19,5.92,5.96,5.82,5.95,13372447.0,0,-1,,-1.0,a
2012-09-20,5.89,5.89,5.7,5.7,14524971.0,0,,-1,,a
2012-09-21,5.73,5.95,5.68,5.82,12337959.0,0,,,,a
2012-09-24,5.72,5.81,5.6,5.75,11196962.0,0,,,,a
2012-09-25,5.73,5.81,5.67,5.68,5467977.0,0,,,,a
2012-09-26,5.68,5.72,5.54,5.57,7770191.0,0,,,,a
2012-09-27,5.58,5.81,5.56,5.79,14548349.0,0,,,,a
2012-09-28,5.74,5.99,5.73,5.99,22156700.0,0,,1,,a
2012-10-08,5.95,5.98,5.84,5.91,12839814.0,0,,,,a
2012-10-09,5.94,6.19,5.93,6.12,24470396.0,0,1,,1.0,a
2012-10-10,6.1,6.16,6.04,6.11,22939321.0,0,,,,a
2012-10-11,6.07,6.13,5.99,5.99,14813735.0,0,,,,a
2012-10-12,6.02,6.07,5.84,5.91,11936899.0,0,,,,a
2012-10-15,5.85,5.9,5.75,5.8,6650518.0,0,,,,a
2012-10-16,5.79,5.92,5.76,5.81,7121235.0,0,,,-1.0,a
2012-10-17,5.85,5.9,5.76,5.83,6661124.0,0,-1,,,a
2012-10-18,5.86,5.94,5.83,5.92,10948131.0,0,,,,a
2012-10-19,5.9,6.0,5.83,5.85,11038178.0,0,,,,a
2012-10-22,5.8,5.88,5.78,5.84,6802376.0,0,,,,a
2012-10-23,5.84,5.86,5.76,5.76,9246936.0,0,,,,a
2012-10-24,5.73,5.81,5.7,5.77,8117837.0,0,,-1,,a
2012-10-25,5.8,5.91,5.77,5.88,17528937.0,0,,1,1.0,a
2012-10-26,5.89,5.93,5.62,5.66,18114092.0,0,,-1,,a
2012-10-29,5.63,5.65,5.45,5.52,11791551.0,0,,,,a
2012-10-30,5.51,5.63,5.48,5.54,8950100.0,0,,,,a
2012-10-31,5.53,5.55,5.44,5.52,6782548.0,0,,,,a
2012-11-01,5.53,5.64,5.52,5.61,11574987.0,0,,,,a
2012-11-02,5.62,5.77,5.56,5.73,21652822.0,0,,,,a
2012-11-05,5.7,5.71,5.57,5.62,15023872.0,0,,,-1.0,a
2012-11-06,5.6,5.64,5.47,5.56,10239812.0,0,,,1.0,a
2012-11-07,5.58,5.61,5.51,5.58,8353080.0,0,,,,a
2012-11-08,5.51,5.53,5.38,5.39,11049455.0,0,1,,,a
2012-11-09,5.39,5.44,5.36,5.39,7115293.0,0,-1,,-1.0,a
2012-11-12,5.37,5.44,5.35,5.42,9439319.0,0,,,,a
2012-11-13,5.42,5.43,5.23,5.24,10218395.0,0,,,,a
2012-11-14,5.26,5.28,5.18,5.27,6271081.0,0,,,,a
2012-11-15,5.26,5.32,5.21,5.24,7389211.0,0,,,,a
2012-11-16,5.26,5.39,5.18,5.31,14727763.0,0,,,,a
2012-11-19,5.27,5.3,5.2,5.27,8427683.0,0,,,1.0,a
2012-11-20,5.3,5.3,5.16,5.17,9456463.0,0,,,,a
2012-11-21,5.18,5.22,5.04,5.2,9260763.0,0,,,,a
2012-11-22,5.18,5.18,5.06,5.09,7384521.0,0,,,,a
2012-11-23,5.12,5.15,5.08,5.09,6013065.0,0,,,-1.0,a
2012-11-26,5.09,5.1,4.99,5.0,6808341.0,0,,,,a
2012-11-27,4.99,5.0,4.81,4.82,10017501.0,0,,,,a
2012-11-28,4.79,4.82,4.67,4.72,8470054.0,0,,,,a
2012-11-29,4.72,4.8,4.68,4.69,7192459.0,0,,,,a
2012-11-30,4.72,4.78,4.7,4.73,6364259.0,0,,,,a
2012-12-03,4.75,4.8,4.67,4.69,6235013.0,0,,,,a
2012-12-04,4.68,4.78,4.57,4.76,8514385.0,0,,,,a
2012-12-05,4.74,4.99,4.71,4.9,15755878.0,0,,,1.0,a
2012-12-06,4.88,4.94,4.85,4.86,10088272.0,0,,1,,a
2012-12-07,4.9,5.06,4.85,5.02,23450709.0,0,1,,,a
2012-12-10,5.05,5.52,4.98,5.52,47143775.0,0,,,,a
2012-12-11,5.5,5.63,5.39,5.48,69235353.0,0,,,,a
2012-12-12,5.45,5.47,5.24,5.34,36354559.0,0,,,,a
2012-12-13,5.31,5.36,5.22,5.27,21003088.0,0,,,,a
2012-12-14,5.3,5.65,5.28,5.55,66526806.0,0,,,,a
2012-12-17,5.6,5.87,5.51,5.59,64659358.0,0,,,,a
2012-12-18,5.55,5.61,5.45,5.49,31701336.0,0,,,,a
2012-12-19,5.5,5.5,5.39,5.47,20411897.0,0,,,,a
2012-12-20,5.43,5.53,5.37,5.51,23759687.0,0,,,,a
2012-12-21,5.51,5.57,5.39,5.42,21327852.0,0,,,-1.0,a
2012-12-24,5.4,5.44,5.33,5.34,15139355.0,0,,,,a
2012-12-25,5.33,5.55,5.33,5.5,29709864.0,0,,,,a
2012-12-26,5.49,5.65,5.41,5.58,42886620.0,0,-1,,,a
2012-12-27,5.64,5.69,5.48,5.51,42369962.0,0,,,,a
2012-12-28,5.53,5.69,5.53,5.63,44757049.0,0,1,,1.0,a
2012-12-31,5.75,5.75,5.59,5.68,37016352.0,0,,,,a
2013-01-04,5.75,5.85,5.66,5.75,55370931.0,0,,,,a
2013-01-07,5.72,5.81,5.65,5.71,29923244.0,0,,,,a
2013-01-08,5.71,5.76,5.59,5.68,26687220.0,0,,,,a
2013-01-09,5.65,5.87,5.64,5.78,35251611.0,0,,,,a
2013-01-10,5.78,5.81,5.68,5.72,25016490.0,0,,,-1.0,a
2013-01-11,5.74,5.77,5.44,5.49,30432937.0,0,,,,a
2013-01-14,5.45,5.67,5.4,5.66,31099078.0,0,,-1,,a
2013-01-15,5.68,5.99,5.62,5.88,50127960.0,0,,1,,a
2013-01-16,5.86,5.88,5.65,5.75,38691230.0,0,-1,,,a
2013-01-17,5.75,5.76,5.61,5.74,19383647.0,0,,,,a
2013-01-18,5.74,5.89,5.74,5.88,36593780.0,0,1,,1.0,a
2013-01-21,5.9,5.9,5.78,5.82,26737816.0,0,,,,a
2013-01-22,5.87,6.4,5.85,6.19,128941850.0,0,,,,a
2013-01-23,6.08,6.17,5.98,6.09,62219539.0,0,,,,a
2013-01-24,6.1,6.24,5.82,6.06,68463152.0,0,,,,a
2013-01-25,6.08,6.38,5.95,6.25,63672146.0,0,,,,a
2013-01-28,6.18,6.36,6.15,6.33,49578618.0,0,,,,a
2013-01-29,6.41,6.96,6.33,6.72,118930122.0,0,,,,a
2013-01-30,6.63,6.78,6.42,6.52,78113320.0,0,,,,a
2013-01-31,6.5,6.57,6.32,6.37,38681095.0,0,,,,a
2013-02-01,6.4,6.59,6.3,6.52,42847916.0,0,,,-1.0,a
2013-02-04,6.65,6.69,6.25,6.34,45290983.0,0,,,,a
2013-02-05,6.25,6.38,6.15,6.31,27897934.0,0,,,,a
2013-02-06,6.35,6.54,6.25,6.27,33500168.0,0,-1,-1,,a
2013-02-07,6.28,6.32,6.19,6.29,16542471.0,0,,,,a
2013-02-08,6.3,6.38,6.25,6.34,21275172.0,0,,,,a
2013-02-18,6.35,6.45,6.32,6.34,21037967.0,0,,,,a
2013-02-19,6.38,6.39,6.09,6.13,31331692.0,0,,,,a
2013-02-20,6.13,6.23,6.1,6.18,18041283.0,0,,,,a
2013-02-21,6.11,6.11,5.83,5.85,36699043.0,0,,,,a
2013-02-22,5.83,5.89,5.74,5.79,21361151.0,0,,,,a
2013-02-25,5.8,5.89,5.79,5.84,14137515.0,0,,,1.0,a
2013-02-26,5.8,5.83,5.68,5.71,17090966.0,0,,,-1.0,a
2013-02-27,5.73,5.78,5.69,5.77,13669615.0,0,,,,a
2013-02-28,5.81,5.9,5.77,5.89,19998260.0,0,,,,a
2013-03-01,5.92,5.92,5.74,5.84,20752689.0,0,,,,a
2013-03-04,5.78,5.79,5.52,5.56,27403263.0,0,,,,a
2013-03-05,5.6,5.66,5.57,5.65,14268829.0,0,,,,a
2013-03-06,5.67,5.75,5.64,5.7,15552540.0,0,,,,a
2013-03-07,5.68,5.83,5.67,5.77,24428583.0,0,,,1.0,a
2013-03-08,5.77,5.85,5.7,5.77,16825449.0,0,,,,a
2013-03-11,5.76,5.78,5.7,5.71,9313909.0,0,,,-1.0,a
2013-03-12,5.71,5.76,5.43,5.5,19619922.0,0,,,,a
2013-03-13,5.44,5.49,5.34,5.37,13244906.0,0,,,,a
2013-03-14,5.32,5.46,5.31,5.44,8932641.0,0,,,,a
2013-03-15,5.43,5.56,5.37,5.46,12733429.0,0,,,,a
2013-03-18,5.39,5.42,5.32,5.36,8790831.0,0,,,,a
2013-03-19,5.38,5.41,5.32,5.4,7077736.0,0,,,,a
2013-03-20,5.38,5.62,5.37,5.58,16563574.0,0,,,,a
2013-03-21,5.75,6.14,5.68,5.9,79797922.0,0,,1,1.0,a
2013-03-22,5.75,5.91,5.74,5.84,24665717.0,0,1,,,a
2013-03-25,5.88,5.95,5.81,5.85,18074518.0,0,,,,a
2013-03-26,5.8,5.86,5.68,5.75,17081523.0,0,,,,a
2013-03-27,5.76,6.02,5.76,5.84,25644771.0,0,,,,a
2013-03-28,5.75,5.78,5.52,5.55,23244980.0,0,,,-1.0,a
2013-03-29,5.6,5.63,5.41,5.56,24604425.0,0,,,,a
2013-04-01,5.78,6.1,5.61,5.8,41376705.0,0,-1,,,a
2013-04-02,5.78,6.05,5.76,5.97,49914836.0,0,,,1.0,a
2013-04-03,5.94,5.96,5.72,5.76,27372640.0,0,,,,a
2013-04-08,5.61,5.77,5.5,5.73,23401538.0,0,,,,a
2013-04-09,5.74,5.93,5.68,5.9,29588967.0,0,1,,,a
2013-04-10,5.84,5.9,5.7,5.72,21725379.0,0,,,,a
2013-04-11,5.78,5.97,5.74,5.77,27220035.0,0,,,-1.0,a
2013-04-12,5.71,5.76,5.62,5.62,16383174.0,0,,,,a
2013-04-15,5.59,5.59,5.38,5.41,19130897.0,0,-1,-1,,a
2013-04-16,5.32,5.44,5.21,5.4,14353491.0,0,,,,a
2013-04-17,5.39,5.5,5.32,5.4,11267394.0,0,,,,a
2013-04-18,5.32,5.39,5.26,5.34,11407451.0,0,,,,a
2013-04-19,5.37,5.51,5.34,5.47,17617981.0,0,,,,a
2013-04-22,5.41,5.45,5.38,5.44,13881267.0,0,,,,a
2013-04-23,5.45,5.46,5.18,5.2,17337059.0,0,,,,a
2013-04-24,5.23,5.31,5.21,5.3,11129781.0,0,,,,a
2013-04-25,5.3,5.35,5.21,5.22,12063173.0,0,,,,a
2013-04-26,5.25,5.3,5.07,5.1,10710467.0,0,,,,a
2013-05-02,5.09,5.15,5.05,5.12,6702595.0,0,,,,a
2013-05-03,5.13,5.34,5.13,5.31,13365803.0,0,,,,a
2013-05-06,5.36,5.42,5.31,5.39,15284471.0,0,,,,a
2013-05-07,5.33,5.4,5.32,5.36,9157758.0,0,,1,,a
2013-05-08,5.4,5.41,5.3,5.36,11200493.0,0,1,,,a
2013-05-09,5.38,5.4,5.22,5.28,13848282.0,0,,,1.0,a
2013-05-10,5.25,5.43,5.24,5.42,19684763.0,0,,,,a
2013-05-13,5.4,5.42,5.31,5.36,10984571.0,0,,,,a
2013-05-14,5.35,5.36,5.2,5.27,12202443.0,0,,,,a
2013-05-15,5.25,5.29,5.22,5.26,9558528.0,0,,,,a
2013-05-16,5.25,5.34,5.13,5.3,22872259.0,0,-1,,,a
2013-05-17,5.25,5.39,5.24,5.37,22891407.0,0,,,,a
2013-05-20,5.39,5.46,5.35,5.45,27017543.0,0,,,,a
2013-05-21,5.48,5.48,5.4,5.44,20282419.0,0,1,,,a
2013-05-22,5.44,5.98,5.4,5.88,72630254.0,0,,,,a
2013-05-23,5.71,5.92,5.7,5.81,62666157.0,0,,,,a
2013-05-24,5.76,5.82,5.67,5.76,42836319.0,0,,,,a
2013-05-27,5.75,5.83,5.64,5.68,35771825.0,0,,,,a
2013-05-28,5.64,5.72,5.59,5.71,23306235.0,0,,,,a
2013-05-29,5.7,5.77,5.67,5.67,18525960.0,0,,,,a
2013-05-30,5.64,5.74,5.61,5.72,17135665.0,0,,,-1.0,a
2013-05-31,5.71,5.79,5.57,5.6,20364466.0,0,,,,a
2013-06-03,5.59,5.64,5.55,5.6,12218233.0,0,-1,,,a
2013-06-04,5.6,5.61,5.45,5.46,14102194.0,0,,,,a
2013-06-05,5.48,5.52,5.44,5.46,11632956.0,0,,-1,,a
2013-06-06,5.41,5.42,5.25,5.29,16597545.0,0,,,,a
2013-06-07,5.3,5.34,5.14,5.19,13291798.0,0,,,,a
2013-06-13,5.18,5.18,4.97,5.02,12652794.0,0,,,,a
2013-06-14,5.02,5.09,5.01,5.07,9100835.0,0,,,,a
2013-06-17,5.07,5.11,4.98,5.08,10206572.0,0,,,,a
2013-06-18,5.08,5.13,5.01,5.12,9501333.0,0,,,,a
2013-06-19,5.06,5.07,4.91,5.01,9413032.0,0,,,,a
2013-06-20,4.96,4.97,4.8,4.81,9024277.0,0,,,,a
2013-06-21,4.73,4.81,4.61,4.74,9630661.0,0,,,,a
2013-06-24,4.74,4.74,4.27,4.29,15757031.0,0,,,,a
2013-06-25,4.28,4.36,3.89,4.19,19394451.0,0,,,1.0,a
2013-06-26,4.19,4.23,4.07,4.18,15019001.0,0,,,,a
2013-06-27,4.16,4.27,4.14,4.16,12993699.0,0,,,,a
2013-06-28,4.14,4.24,4.0,4.14,13511824.0,0,,,,a
2013-07-01,4.13,4.24,4.12,4.21,12238591.0,0,,,,a
2013-07-02,4.23,4.27,4.17,4.25,9673879.0,0,,,,a
2013-07-03,4.21,4.22,4.1,4.17,9400024.0,0,,,-1.0,a
2013-07-04,4.16,4.32,4.12,4.26,15214624.0,0,,,,a
2013-07-05,4.26,4.37,4.24,4.27,17910749.0,0,1,,,a
2013-07-08,4.21,4.22,4.01,4.02,13324543.0,0,,,,a
2013-07-09,4.04,4.07,3.98,4.03,7889538.0,0,-1,,1.0,a
2013-07-10,4.03,4.21,4.02,4.2,11339208.0,0,,1,,a
2013-07-11,4.22,4.49,4.19,4.38,29671246.0,0,,,,a
2013-07-12,4.41,4.45,4.29,4.3,19193346.0,0,,,,a
2013-07-15,4.29,4.4,4.29,4.34,11946702.0,0,1,,,a
2013-07-16,4.34,4.44,4.32,4.39,15603836.0,0,,,,a
2013-07-17,4.43,4.67,4.4,4.53,32502309.0,0,,,,a
2013-07-18,4.47,4.5,4.33,4.36,20418280.0,0,,,,a
2013-07-19,4.43,4.52,4.23,4.24,19249933.0,0,,,,a
2013-07-22,4.18,4.3,4.17,4.29,10384684.0,0,,,,a
2013-07-23,4.31,4.62,4.28,4.48,27954389.0,0,,,,a
2013-07-24,4.43,4.44,4.33,4.39,16112495.0,0,-1,,-1.0,a
2013-07-25,4.38,4.45,4.35,4.4,11120891.0,0,,,,a
2013-07-26,4.39,4.4,4.25,4.27,13036012.0,0,,,,a
2013-07-29,4.22,4.23,4.1,4.1,14504440.0,0,,,,a
2013-07-30,4.12,4.21,4.1,4.15,9879102.0,0,,,,a
2013-07-31,4.18,4.21,4.12,4.14,7691485.0,0,,,,a
2013-08-01,4.17,4.29,4.12,4.27,18710325.0,0,,,,a
2013-08-02,4.28,4.35,4.24,4.26,16183318.0,0,,,,a
2013-08-05,4.25,4.53,4.22,4.43,26971369.0,0,,,,a
2013-08-06,4.4,4.77,4.35,4.61,53629939.0,0,1,,1.0,a
2013-08-07,4.55,4.64,4.39,4.45,36124803.0,0,,,,a
2013-08-08,4.47,4.6,4.45,4.55,26502525.0,0,,,,a
2013-08-09,4.63,4.67,4.48,4.55,22488789.0,0,,,,a
2013-08-12,4.57,4.69,4.5,4.67,31772668.0,0,,,,a
2013-08-13,4.68,4.78,4.63,4.67,27917448.0,0,,,,a
2013-08-14,4.69,4.84,4.65,4.74,39268865.0,0,,,-1.0,a
2013-08-15,4.7,4.74,4.6,4.61,24510987.0,0,,,,a
2013-08-16,4.58,4.98,4.44,4.51,36712627.0,0,,,,a
2013-08-19,4.47,4.57,4.45,4.55,14551054.0,0,,,,a
2013-08-20,4.53,4.57,4.44,4.46,15866088.0,0,-1,,,a
2013-08-21,4.49,4.51,4.42,4.51,9637853.0,0,,,,a
2013-08-22,4.49,4.53,4.46,4.49,11359954.0,0,,,,a
2013-08-23,4.52,4.63,4.47,4.55,23904064.0,0,,,,a
2013-08-26,4.65,4.67,4.57,4.64,17419079.0,0,,,,a
2013-08-27,4.63,4.65,4.58,4.64,13612208.0,0,,,,a
2013-08-28,4.61,4.9,4.58,4.78,60747743.0,0,1,,1.0,a
2013-08-29,4.79,4.79,4.68,4.74,29889617.0,0,,,,a
2013-08-30,4.7,4.82,4.66,4.72,27618456.0,0,,,,a
2013-09-02,4.74,5.19,4.63,5.17,106480296.0,0,,,,a
2013-09-03,5.4,5.69,5.4,5.69,81813458.0,0,,,,a
2013-09-04,6.26,6.26,5.97,6.26,289038486.0,0,,,,a
2013-09-05,6.0,6.86,5.95,6.53,239987906.0,0,,,,a
2013-09-06,6.32,6.85,6.28,6.48,192371841.0,0,,,,a
2013-09-09,6.54,7.13,6.47,7.13,241898965.0,0,,,,a
2013-09-10,7.0,7.84,6.9,7.6,260524648.0,0,,,,a
2013-09-11,7.4,7.99,7.16,7.34,217042146.0,0,,,,a
2013-09-12,7.22,7.49,7.16,7.29,116598160.0,0,,,,a
2013-09-13,7.22,7.43,6.95,6.99,105166728.0,0,,,,a
2013-09-16,7.05,7.27,6.96,7.01,86959918.0,0,,,-1.0,a
2013-09-17,6.84,6.84,6.31,6.31,139431123.0,0,,,,a
2013-09-18,6.36,6.53,6.29,6.4,86173467.0,0,-1,-1,,a
2013-09-23,6.49,7.04,6.45,7.04,145174492.0,0,,,,a
2013-09-24,6.93,7.65,6.81,7.17,169260544.0,0,,1,,a
2013-09-25,7.19,7.89,7.06,7.71,208772441.0,0,,,,a
2013-09-26,8.12,8.48,7.6,7.69,191013672.0,0,1,,1.0,a
2013-09-27,7.55,7.55,6.92,7.15,129022183.0,0,,,,a
2013-09-30,7.23,7.87,7.1,7.87,143136186.0,0,,,,a
2013-10-08,8.2,8.66,8.08,8.26,215921416.0,0,,,,a
2013-10-09,8.3,9.09,8.22,9.09,202965977.0,0,,,,a
2013-10-10,9.45,9.63,8.81,9.16,242820649.0,0,,,,a
2013-10-11,9.12,9.47,8.92,9.16,146250010.0,0,,,,a
2013-10-14,9.21,10.08,9.2,10.08,188513553.0,0,,,,a
2013-10-15,10.0,10.73,9.78,10.52,195412043.0,0,,,,a
2013-10-16,10.12,10.17,9.47,9.61,164103082.0,0,,,,a
2013-10-17,9.98,10.26,9.03,9.98,203227747.0,0,,,-1.0,a
2013-10-18,9.4,9.75,9.0,9.38,114370420.0,0,,,,a
2013-10-21,9.37,9.75,9.12,9.6,116162220.0,0,,,,a
2013-10-22,9.5,10.08,9.22,9.68,148550807.0,0,,,,a
2013-10-23,9.3,9.47,8.71,8.72,146520949.0,0,-1,-1,,a
2013-10-24,8.55,8.85,8.34,8.46,74411942.0,0,,,,a
2013-10-25,8.5,8.55,7.74,8.41,114120199.0,0,,,,a
2013-10-28,8.65,9.18,8.51,8.86,128885234.0,0,,,,a
2013-10-29,8.75,9.18,7.98,9.0,147450924.0,0,,,,a
2013-10-30,8.7,9.15,8.61,8.84,97359939.0,0,,,,a
2013-10-31,8.85,9.36,8.7,8.72,107711065.0,0,,,,a
2013-11-01,8.3,8.62,8.11,8.36,72741933.0,0,,,,a
2013-11-04,8.42,8.56,8.13,8.47,53643113.0,0,,,,a
2013-11-05,8.3,9.19,8.21,9.08,112042621.0,0,1,,,a
2013-11-06,8.9,9.07,8.74,8.78,86346963.0,0,-1,,,a
2013-11-07,8.4,8.6,7.9,7.96,164138742.0,0,,,,a
2013-11-08,7.45,7.99,7.3,7.66,116039820.0,0,,,,a
2013-11-11,7.58,7.62,6.98,7.06,79528427.0,0,,,1.0,a
2013-11-12,6.9,7.07,6.65,6.98,102308669.0,0,,,,a
2013-11-13,6.95,7.68,6.82,7.68,139120651.0,0,,,,a
2013-11-14,7.68,8.3,7.59,7.94,174748296.0,0,,,,a
2013-11-15,7.75,8.44,7.7,8.19,140305828.0,0,,,,a
2013-11-18,8.1,8.92,8.01,8.79,151536839.0,0,,,,a
2013-11-19,8.78,8.93,8.45,8.61,127519914.0,0,1,,,a
2013-11-20,8.52,9.3,8.5,8.94,148912311.0,0,,1,,a
2013-11-21,8.85,9.47,8.77,9.11,148475474.0,0,,,,a
2013-11-22,9.0,9.11,8.59,8.61,107369168.0,0,,,,a
2013-11-25,8.45,8.83,8.36,8.73,93380077.0,0,,,-1.0,a
2013-11-26,8.67,8.77,8.53,8.61,66064155.0,0,,,,a
2013-11-27,8.62,8.69,8.32,8.6,80245180.0,0,,,,a
2013-11-28,8.6,9.2,8.54,8.9,182096307.0,0,-1,,,a
2013-11-29,8.8,8.94,8.6,8.79,90370290.0,0,,,,a
2013-12-02,8.4,8.69,7.96,8.04,98599259.0,0,,-1,,a
2013-12-03,8.1,8.46,7.98,8.4,71480427.0,0,,,,a
2013-12-04,8.41,8.88,8.37,8.62,117432997.0,0,,,1.0,a
2013-12-05,8.69,9.1,8.52,8.94,125119230.0,0,,1,-1.0,a
2013-12-06,8.83,8.92,8.69,8.8,65254913.0,0,,,,a
2013-12-09,8.77,9.19,8.76,9.09,119840654.0,0,1,,,a
2013-12-10,9.08,9.11,8.87,8.93,71382889.0,0,,,,a
2013-12-11,8.9,8.91,8.5,8.8,74525906.0,0,,,,a
2013-12-12,8.8,8.83,8.61,8.66,45400704.0,0,,,,a
2013-12-13,8.63,8.77,8.45,8.67,50446909.0,0,,-1,,a
2013-12-16,8.62,8.75,8.1,8.17,68973487.0,0,-1,,,a
2013-12-17,8.11,8.23,7.84,7.89,52276844.0,0,,,,a
2013-12-18,7.91,7.97,7.75,7.87,29106545.0,0,,,,a
2013-12-19,7.85,8.01,7.52,7.55,46750997.0,0,,,,a
2013-12-20,7.56,7.67,7.43,7.64,36005575.0,0,,,,a
2013-12-23,7.67,7.72,7.28,7.64,35109684.0,0,,,,a
2013-12-24,7.7,7.91,7.62,7.82,52078280.0,0,,,,a
2013-12-25,7.84,7.84,7.63,7.75,33326900.0,0,,,,a
2013-12-26,7.73,7.75,7.14,7.27,50782482.0,0,,,,a
2013-12-27,7.26,7.45,7.19,7.36,30826078.0,0,,,,a
2013-12-30,7.4,7.44,7.17,7.19,32161228.0,0,,,,a
2013-12-31,7.07,7.48,6.8,7.43,62707719.0,0,,,1.0,a
2014-01-02,7.35,7.49,7.23,7.32,35242929.0,0,,,,a
2014-01-03,7.28,7.28,7.03,7.09,33555405.0,0,,,-1.0,a
2014-01-06,6.93,6.98,6.6,6.61,39516478.0,0,,,1.0,a
2014-01-07,6.6,6.93,6.55,6.75,30466531.0,0,,,,a
2014-01-08,6.68,6.84,6.61,6.66,25285979.0,0,,,-1.0,a
2014-01-09,6.66,7.01,6.64,6.74,45008882.0,0,,,,a
2014-01-10,6.69,6.87,6.6,6.7,26402331.0,0,,,,a
2014-01-13,6.75,6.9,6.72,6.85,24064331.0,0,,,,a
2014-01-14,7.03,7.25,7.03,7.16,47877492.0,0,,1,,a
2014-01-15,7.08,7.7,6.97,7.57,73198484.0,0,1,,1.0,a
2014-01-16,7.44,7.65,7.36,7.39,48760278.0,0,,,,a
2014-01-17,7.34,7.43,7.08,7.1,30362835.0,0,,,,a
2014-01-20,7.29,7.35,7.04,7.12,26728684.0,0,,,,a
2014-01-21,7.11,7.28,7.07,7.18,26581747.0,0,,,,a
2014-01-22,7.18,7.79,7.12,7.54,60575898.0,0,,,-1.0,a
2014-01-23,7.45,7.64,7.44,7.49,35690118.0,0,,,,a
2014-01-24,7.45,7.55,7.36,7.43,39600875.0,0,,,,a
2014-01-27,7.39,7.62,7.22,7.48,49695136.0,0,,,,a
2014-01-28,7.4,7.41,7.0,7.18,42289068.0,0,,,1.0,a
2014-01-29,7.23,7.28,7.0,7.16,30900395.0,0,,,,a
2014-01-30,7.16,7.16,6.99,7.02,20612984.0,0,-1,,,a
2014-02-07,6.95,7.14,6.86,7.13,19868470.0,0,,,-1.0,a
2014-02-10,7.13,7.38,7.13,7.35,39047431.0,0,,,,a
2014-02-11,7.38,7.53,7.31,7.46,51135326.0,0,,,,a
2014-02-12,7.47,8.21,7.36,8.21,139709657.0,0,1,,1.0,a
2014-02-13,8.19,8.19,7.89,7.9,104858328.0,0,,,,a
2014-02-14,7.91,8.26,7.89,8.08,74894695.0,0,,,,a
2014-02-17,8.19,8.28,8.02,8.15,67643247.0,0,,,,a
2014-02-18,8.26,8.56,8.16,8.21,88608525.0,0,,,,a
2014-02-19,8.13,8.5,8.05,8.35,93338590.0,0,,,,a
2014-02-20,8.24,8.55,8.04,8.22,80789734.0,0,,,,a
2014-02-21,8.13,8.39,8.07,8.3,62159082.0,0,,,-1.0,a
2014-02-24,8.28,8.58,8.13,8.41,82830489.0,0,,,,a
2014-02-25,8.33,8.47,7.7,7.89,74681311.0,0,,,,a
2014-02-26,7.89,8.0,7.58,7.89,46348135.0,0,,,,a
2014-02-27,7.85,8.06,7.64,7.72,59864010.0,0,-1,-1,,a
2014-02-28,7.6,7.6,7.15,7.44,55349124.0,0,,,,a
2014-03-03,7.4,7.67,7.3,7.64,38309637.0,0,,,,a
2014-03-04,7.56,7.78,7.47,7.7,37307485.0,0,,,,a
2014-03-05,7.81,8.22,7.74,7.94,76066601.0,0,,,,a
2014-03-07,8.0,8.38,7.8,7.81,67439357.0,0,,,,a
2014-03-10,7.65,7.65,7.2,7.22,41655448.0,0,,,,a
2014-03-11,7.23,7.3,7.06,7.16,25110563.0,0,,,,a
2014-03-12,7.23,7.28,6.9,7.08,28277427.0,0,,,1.0,a
2014-03-13,7.08,7.17,7.01,7.12,24168643.0,0,,,-1.0,a
2014-03-14,7.08,7.08,6.92,6.97,19735365.0,0,,,,a
2014-03-17,6.98,7.09,6.97,7.07,17834117.0,0,,,,a
2014-03-18,7.07,7.18,7.04,7.14,20908673.0,0,,,,a
2014-03-19,7.09,7.12,6.93,7.0,20452904.0,0,,,,a
2014-03-20,7.0,7.23,6.93,7.03,31350339.0,0,,,,a
2014-03-21,6.95,7.14,6.82,7.1,26553334.0,0,,,,a
2014-03-24,7.12,7.21,7.08,7.14,22135383.0,0,1,,1.0,a
2014-03-25,7.13,7.32,7.09,7.3,40578285.0,0,,,,a
2014-03-26,7.3,7.3,7.16,7.18,25088505.0,0,,,,a
2014-03-27,7.14,7.14,6.95,6.96,27238996.0,0,,,,a
2014-03-28,6.91,7.02,6.75,6.78,28827513.0,0,,,,a
2014-03-31,6.76,6.84,6.68,6.72,14120486.0,0,-1,,,a
2014-04-01,6.75,6.88,6.7,6.81,10759875.0,0,,,-1.0,a
2014-04-02,6.82,6.99,6.8,6.95,22232286.0,0,,,,a
2014-04-03,6.96,7.03,6.77,6.8,23573191.0,0,,,,a
2014-04-04,6.76,6.83,6.72,6.79,19063017.0,0,,,,a
2014-04-08,6.76,6.86,6.73,6.86,26777510.0,0,,,,a
2014-04-09,6.89,7.18,6.83,7.07,57033118.0,0,1,1,1.0,a
2014-04-10,7.0,7.05,6.93,6.97,38296488.0,0,,,,a
2014-04-11,6.95,6.96,6.81,6.84,30267168.0,0,,,,a
2014-04-14,6.85,6.89,6.83,6.84,19456481.0,0,,,,a
2014-04-15,6.87,7.15,6.85,7.13,69220609.0,0,,,,a
2014-04-16,7.13,7.18,6.96,7.06,51006869.0,0,,,,a
2014-04-17,7.05,7.11,6.9,6.91,27681412.0,0,,,,a
2014-04-18,6.85,6.89,6.8,6.86,17396750.0,0,,,,a
2014-04-21,6.81,6.96,6.77,6.81,21235067.0,0,,,,a
2014-04-22,6.76,6.85,6.55,6.67,29868282.0,0,-1,,-1.0,a
2014-04-23,6.69,6.72,6.46,6.5,25766420.0,0,,-1,,a
2014-04-24,6.48,6.53,6.22,6.23,33921957.0,0,,,,a
2014-04-25,6.26,6.29,5.96,5.98,29933118.0,0,,,,a
2014-04-28,5.99,5.99,5.49,5.64,30798567.0,0,,,,a
2014-04-29,5.64,5.76,5.6,5.73,19249517.0,0,,,,a
2014-04-30,5.73,5.78,5.67,5.7,13770723.0,0,,,1.0,a
2014-05-05,5.71,5.77,5.6,5.75,17861440.0,0,,,-1.0,a
2014-05-06,5.76,5.85,5.72,5.81,19285390.0,0,,,,a
2014-05-07,5.79,5.79,5.6,5.6,15646966.0,0,,,,a
2014-05-08,5.57,5.75,5.55,5.63,14284272.0,0,,,,a
2014-05-09,5.65,5.67,5.52,5.56,11914007.0,0,,,,a
2014-05-12,5.65,5.86,5.61,5.82,30482630.0,0,,,,a
2014-05-13,5.82,5.87,5.75,5.8,21161228.0,0,,,,a
2014-05-14,5.78,5.82,5.73,5.75,12966916.0,0,,1,1.0,a
2014-05-15,5.75,5.79,5.6,5.61,13506956.0,0,1,,,a
2014-05-16,5.6,5.64,5.54,5.6,10316915.0,0,,,,a
2014-05-19,5.61,6.04,5.53,5.9,53170603.0,0,,,,a
2014-05-20,5.84,5.95,5.81,5.88,30006339.0,0,,,,a
2014-05-21,5.86,5.88,5.74,5.87,18966265.0,0,,,,a
2014-05-22,5.85,5.95,5.82,5.84,23385022.0,0,,,,a
2014-05-23,5.89,5.89,5.72,5.81,23265731.0,0,,,,a
2014-05-26,5.81,5.95,5.78,5.9,28729942.0,0,,,,a
2014-05-27,5.91,5.91,5.77,5.79,16249912.0,0,,,-1.0,a
2014-05-28,5.75,5.87,5.73,5.84,16224836.0,0,,,,a
2014-05-29,5.84,5.9,5.74,5.76,20941048.0,0,,,,a
2014-05-30,5.8,5.82,5.7,5.75,15728050.0,0,-1,,,a
2014-06-03,5.75,5.82,5.73,5.73,12047947.0,0,,,,a
2014-06-04,5.73,5.73,5.59,5.62,16477351.0,0,,,,a
2014-06-05,5.62,5.68,5.58,5.67,13760251.0,0,,,,a
2014-06-06,5.68,5.69,5.5,5.55,19998395.0,0,,,,a
2014-06-09,5.55,5.66,5.52,5.56,13924241.0,0,,,,a
2014-06-10,5.58,5.63,5.53,5.63,13742124.0,0,,,,a
2014-06-11,5.61,5.72,5.56,5.67,19531316.0,0,,,,a
2014-06-12,5.66,5.67,5.58,5.6,14637720.0,0,,,1.0,a
2014-06-13,5.59,5.85,5.56,5.76,38849745.0,0,,,,a
2014-06-16,5.75,5.85,5.71,5.79,23460901.0,0,1,,,a
2014-06-17,5.76,5.79,5.71,5.72,17497319.0,0,,,,a
2014-06-18,5.72,5.74,5.63,5.64,14647652.0,0,,,,a
2014-06-19,5.66,5.93,5.6,5.78,53708764.0,0,,,,a
2014-06-20,5.76,5.9,5.65,5.89,49242553.0,0,,,,a
2014-06-23,6.0,6.27,6.0,6.12,82171010.0,0,,,,a
2014-06-24,6.08,6.16,6.04,6.09,35063095.0,0,,,,a
2014-06-25,6.1,6.34,6.04,6.19,49151009.0,0,,,,a
2014-06-26,6.16,6.27,6.13,6.21,36591533.0,0,,,,a
2014-06-27,6.18,6.41,6.11,6.27,68585378.0,0,,,,a
2014-06-30,6.2,6.24,6.11,6.14,34252765.0,0,,,,a
2014-07-01,6.12,6.5,6.12,6.35,65322316.0,0,,,,a
2014-07-02,6.31,6.34,6.15,6.29,43224609.0,0,,,-1.0,a
2014-07-03,6.29,6.33,6.2,6.27,24544095.0,0,,,,a
2014-07-04,6.24,6.4,6.18,6.19,29511034.0,0,,,,a
2014-07-07,6.19,6.2,6.06,6.09,28029436.0,0,,,,a
2014-07-08,6.11,6.12,6.02,6.11,19486659.0,0,-1,,,a
2014-07-09,6.09,6.17,6.03,6.06,29231484.0,0,,-1,,a
2014-07-10,6.05,6.09,5.93,5.96,24954618.0,0,,,,a
2014-07-11,5.97,6.04,5.94,6.0,23848473.0,0,,,,a
2014-07-14,6.0,6.07,5.95,6.06,23271682.0,0,,,,a
2014-07-15,6.05,6.06,5.98,6.04,21424528.0,0,,,,a
2014-07-16,6.05,6.11,6.03,6.06,24583215.0,0,,,,a
2014-07-17,6.08,6.17,5.97,6.14,38988895.0,0,,,1.0,a
2014-07-18,6.11,6.24,6.07,6.21,44695707.0,0,1,,,a
2014-07-21,6.25,6.25,6.04,6.06,37307420.0,0,,,,a
2014-07-22,6.05,6.11,5.97,6.08,26315862.0,0,,,,a
2014-07-23,6.09,6.1,6.01,6.03,22623004.0,0,,,,a
2014-07-24,6.05,6.25,6.01,6.13,55259292.0,0,,,,a
2014-07-25,6.12,6.22,6.04,6.15,41591896.0,0,-1,,,a
2014-07-28,6.1,6.34,6.1,6.29,68134157.0,0,1,1,,a
2014-07-29,6.31,6.67,6.28,6.51,106125944.0,0,,,,a
2014-07-30,6.42,6.55,6.38,6.49,58477262.0,0,,,,a
2014-07-31,6.47,6.6,6.37,6.53,48713729.0,0,,,,a
2014-08-01,6.49,6.54,6.31,6.32,48250897.0,0,,,,a
2014-08-04,6.31,6.46,6.31,6.45,31724292.0,0,,,,a
2014-08-05,6.44,6.6,6.4,6.56,58753224.0,0,,,-1.0,a
2014-08-06,6.5,6.6,6.43,6.58,46496687.0,0,,,,a
2014-08-07,6.58,6.63,6.43,6.47,38408084.0,0,,,,a
2014-08-08,6.46,6.48,6.38,6.41,24844769.0,0,,,,a
2014-08-11,6.45,6.65,6.41,6.59,52370053.0,0,,,,a
2014-08-12,6.57,6.76,6.55,6.67,76238017.0,0,,,,a
2014-08-13,6.68,6.84,6.59,6.69,66742350.0,0,,,1.0,a
2014-08-14,6.67,6.71,6.55,6.57,50704339.0,0,,,,a
2014-08-15,6.62,6.7,6.52,6.69,43626485.0,0,,,,a
2014-08-18,6.67,6.83,6.62,6.79,58016317.0,0,,,,a
2014-08-19,6.79,7.35,6.74,7.28,140976052.0,0,,,,a
2014-08-20,7.18,7.3,6.99,7.06,87351228.0,0,,,,a
2014-08-21,7.09,7.23,6.9,7.03,58992126.0,0,,,,a
2014-08-22,7.02,7.06,6.86,6.97,49765548.0,0,,,,a
2014-08-25,6.99,7.18,6.96,6.97,45951037.0,0,,,,a
2014-08-26,6.93,6.93,6.59,6.64,54497078.0,0,,-1,-1.0,a
2014-08-27,6.58,6.67,6.54,6.62,26553908.0,0,-1,,,a
2014-08-28,6.63,6.7,6.58,6.63,25770506.0,0,,,,a
2014-08-29,6.63,6.7,6.59,6.69,19044930.0,0,,,,a
2014-09-01,6.69,6.76,6.65,6.74,23117230.0,0,,,,a
2014-09-02,6.77,6.85,6.71,6.82,34858700.0,0,,,,a
2014-09-03,6.82,7.03,6.8,6.9,52440277.0,0,,,,a
2014-09-04,6.9,6.94,6.83,6.91,37580020.0,0,1,,,a
2014-09-05,6.93,7.03,6.89,6.94,48543171.0,0,,,1.0,a
2014-09-09,6.96,6.98,6.83,6.93,30648749.0,0,,,,a
2014-09-10,6.9,7.62,6.84,7.62,208937914.0,0,,1,,a
2014-09-11,7.6,8.38,7.53,8.38,330138861.0,0,,,,a
2014-09-12,8.2,8.28,7.98,8.11,178943906.0,0,,,,a
2014-09-15,8.1,8.25,8.04,8.16,123251026.0,0,,,,a
2014-09-16,8.21,8.51,7.8,7.85,175285373.0,0,,,,a
2014-09-17,7.94,8.26,7.9,8.07,110311475.0,0,,,,a
2014-09-18,7.92,8.45,7.84,8.26,173054223.0,0,,,,a
2014-09-19,8.24,8.77,8.15,8.5,208582190.0,0,,,-1.0,a
2014-09-22,8.49,8.64,8.26,8.33,104399461.0,0,,,,a
2014-09-23,8.46,8.95,8.37,8.54,130691388.0,0,,,,a
2014-09-24,8.5,8.67,8.39,8.51,85063045.0,0,,,,a
2014-09-25,8.47,8.81,8.4,8.53,97037800.0,0,,,,a
2014-09-26,8.5,9.26,8.47,8.99,158373926.0,0,,,,a
2014-09-29,9.15,9.31,8.93,9.2,115860010.0,0,,,,a
2014-09-30,9.1,9.1,8.28,8.37,244228660.0,0,,,,a
2014-10-08,8.36,8.44,8.21,8.41,89691836.0,0,,-1,1.0,a
2014-10-09,8.45,8.45,8.25,8.42,84523409.0,0,,,,a
2014-10-10,8.36,8.4,8.21,8.25,83741203.0,0,-1,,,a
2014-10-13,8.2,8.2,7.84,8.09,85119522.0,0,,,,a
2014-10-14,8.05,8.24,7.98,8.14,75672096.0,0,,,-1.0,a
2014-10-15,8.14,8.16,8.03,8.12,43968946.0,0,,,,a
2014-10-16,8.1,8.38,8.04,8.2,95318284.0,0,,,,a
2014-10-17,8.18,8.24,7.71,8.06,82889579.0,0,,,,a
2014-10-20,8.23,8.34,8.09,8.23,73000025.0,0,,,,a
2014-10-21,8.18,8.18,7.93,7.97,57793244.0,0,,,,a
2014-10-22,8.03,8.03,7.68,7.69,50045391.0,0,,,,a
2014-10-23,7.75,8.06,7.55,7.98,75243995.0,0,,,,a
2014-10-24,7.91,8.06,7.8,8.0,56678054.0,0,,,,a
2014-10-27,8.0,8.24,7.9,8.07,53941416.0,0,,,,a
2014-10-28,8.03,8.3,7.98,8.26,89481820.0,0,,,,a
2014-10-29,8.21,8.35,8.15,8.26,99023124.0,0,1,,1.0,a
2014-10-30,8.24,8.34,8.16,8.2,90559779.0,0,,,,a
2014-10-31,8.19,8.19,7.87,7.94,85581026.0,0,,,,a
2014-11-03,7.94,8.11,7.88,8.03,53484272.0,0,,,,a
2014-11-04,7.98,8.19,7.94,8.18,67331014.0,0,,,,a
2014-11-05,8.17,9.0,8.17,8.82,311913693.0,0,,1,,a
2014-11-06,8.6,8.69,8.38,8.49,155628793.0,0,,,,a
2014-11-07,8.49,8.65,8.25,8.35,113870649.0,0,,,,a
2014-11-10,8.35,8.65,8.3,8.55,98582917.0,0,,,,a
2014-11-11,8.67,9.23,8.54,8.99,288633172.0,0,,,,a
2014-11-12,8.99,9.19,8.75,9.14,227247543.0,0,,,,a
2014-11-13,9.16,9.43,8.89,8.97,210045816.0,0,,,,a
2014-11-14,8.9,9.05,8.52,8.63,110950208.0,0,,,,a
2014-11-17,8.59,8.87,8.41,8.81,86324778.0,0,,,,a
2014-11-18,8.86,9.42,8.78,9.17,175426348.0,0,,,-1.0,a
2014-11-19,9.2,9.34,8.81,9.13,141366851.0,0,,,,a
2014-11-20,9.04,9.55,8.9,9.29,151807974.0,0,,,,a
2014-11-21,9.28,9.28,8.9,9.08,189721274.0,0,,,,a
2014-11-24,9.1,9.22,8.9,9.11,123914680.0,0,,,,a
2014-11-25,9.2,9.27,9.05,9.18,117712672.0,0,,,,a
2014-11-26,9.21,9.24,8.89,9.0,111187136.0,0,,,,a
2014-11-27,8.97,9.35,8.92,9.31,180108768.0,0,,,1.0,a
2014-11-28,9.4,9.47,9.08,9.19,127272615.0,0,,,-1.0,a
2014-12-01,9.21,9.45,8.92,9.37,172148734.0,0,,,,a
2014-12-02,9.28,9.37,9.15,9.27,124638367.0,0,,,,a
2014-12-03,9.75,9.98,9.37,9.53,244829701.0,0,,,1.0,a
2014-12-04,9.56,9.65,9.4,9.64,161225766.0,0,,,,a
2014-12-05,9.65,9.73,8.9,9.32,145800010.0,0,,,,a
2014-12-08,9.22,9.63,9.1,9.51,139856672.0,0,,,,a
2014-12-09,9.52,10.2,9.3,9.41,245409654.0,0,,-1,,a
2014-12-10,9.41,9.81,9.3,9.8,131517590.0,0,,1,-1.0,a
2014-12-11,9.86,10.09,9.55,10.07,156114640.0,0,,,,a
2014-12-12,10.04,10.04,9.8,9.84,102292311.0,0,,,,a
2014-12-15,9.74,9.75,9.6,9.7,76108529.0,0,,,,a
2014-12-16,9.76,9.99,9.68,9.77,84844724.0,0,,,,a
2014-12-17,9.7,9.75,9.35,9.42,98784832.0,0,,-1,,a
2014-12-18,9.39,9.65,9.38,9.45,74527233.0,0,,,,a
2014-12-19,9.51,9.64,9.1,9.61,94685457.0,0,-1,,,a
2014-12-22,10.0,10.5,9.58,10.39,253399976.0,0,,1,,a
2014-12-23,10.0,10.15,9.4,9.53,119707523.0,0,,-1,1.0,a
2014-12-24,9.51,9.6,8.88,9.04,107190078.0,0,,,,a
2014-12-25,9.04,9.27,8.93,9.15,71308728.0,0,,,,a
2014-12-26,9.15,9.23,8.95,9.09,81105538.0,0,,,,a
2014-12-29,9.08,9.09,8.5,8.62,105224241.0,0,,,-1.0,a
2014-12-30,8.69,8.93,8.62,8.69,60048317.0,0,,,,a
2014-12-31,8.78,8.85,8.45,8.72,62878021.0,0,,,,a
2015-01-05,8.72,8.99,8.55,8.88,79481041.0,0,,,,a
2015-01-06,8.85,9.17,8.7,9.15,110719232.0,0,,,,a
2015-01-07,9.09,9.14,8.9,9.03,74000257.0,0,,,,a
2015-01-08,9.05,9.13,8.81,8.85,60058425.0,0,1,,,a
2015-01-09,8.76,8.83,8.6,8.61,53512110.0,0,,,,a
2015-01-12,8.66,9.16,8.65,8.89,92150676.0,0,,,1.0,a
2015-01-13,8.78,9.04,8.66,8.94,46818654.0,0,,,-1.0,a
2015-01-14,8.95,9.01,8.73,8.75,37578396.0,0,-1,,,a
2015-01-15,8.75,9.01,8.72,8.9,36181308.0,0,,,,a
2015-01-16,8.92,9.17,8.91,9.09,76506359.0,0,1,,,a
2015-01-19,8.7,9.2,8.4,8.6,73985451.0,0,-1,,,a
2015-01-20,8.66,8.93,8.63,8.8,45443643.0,0,,,,a
2015-01-21,8.7,9.0,8.62,8.94,77220135.0,0,1,,1.0,a
2015-01-22,8.94,9.32,8.87,9.25,112487809.0,0,,1,,a
2015-01-23,9.18,9.23,8.95,9.06,76723570.0,0,,,,a
2015-01-26,9.1,9.27,9.01,9.2,63429411.0,0,,,,a
2015-01-27,9.2,9.35,9.14,9.34,91874610.0,0,,,,a
2015-01-28,9.3,9.3,9.06,9.15,55399186.0,0,,,,a
2015-01-29,9.01,9.18,8.97,9.04,41013696.0,0,,,-1.0,a
2015-01-30,9.14,9.18,9.0,9.14,47023981.0,0,,,,a
2015-02-02,9.24,9.4,8.76,8.81,100005107.0,0,,,,a
2015-02-03,8.75,8.88,8.52,8.73,57873370.0,0,-1,-1,,a
2015-02-04,8.78,8.85,8.62,8.64,39307968.0,0,,,,a
2015-02-05,8.74,8.78,8.35,8.37,44791289.0,0,,,,a
2015-02-06,8.37,8.43,7.9,7.93,59644487.0,0,,,1.0,a
2015-02-09,7.95,8.08,7.9,8.01,31037607.0,0,,,-1.0,a
2015-02-10,7.99,8.08,7.95,8.04,24871832.0,0,,,,a
2015-02-11,8.04,8.22,8.04,8.18,28327365.0,0,,,,a
2015-02-12,8.17,8.27,8.07,8.14,29449616.0,0,,,,a
2015-02-13,8.21,8.34,8.17,8.23,37486368.0,0,,,,a
2015-02-16,8.26,8.34,8.25,8.29,26322986.0,0,,,,a
2015-02-17,8.3,8.43,8.29,8.35,27503588.0,0,1,,,a
2015-02-25,8.35,8.45,8.3,8.41,37086587.0,0,,,,a
2015-02-26,8.41,8.65,8.41,8.64,52312934.0,0,,1,1.0,a
2015-02-27,8.65,8.77,8.56,8.73,54282129.0,0,,,,a
2015-03-02,8.76,9.15,8.65,9.08,91810463.0,0,,,,a
2015-03-03,9.03,9.15,8.82,8.87,65941951.0,0,,,,a
2015-03-04,8.9,9.04,8.76,8.93,48362473.0,0,,,,a
2015-03-05,8.95,8.97,8.7,8.73,44213185.0,0,,,,a
2015-03-06,8.66,8.78,8.53,8.56,35155087.0,0,,,,a
2015-03-09,8.57,8.64,8.35,8.61,34175695.0,0,,,-1.0,a
2015-03-10,8.56,8.68,8.53,8.63,30577198.0,0,-1,,,a
2015-03-11,8.64,8.72,8.55,8.57,30609545.0,0,,,,a
2015-03-12,8.62,8.71,8.55,8.61,31884143.0,0,,,,a
2015-03-13,8.62,8.78,8.61,8.75,43147204.0,0,,,,a
2015-03-16,8.79,8.99,8.75,8.94,69083644.0,0,,,,a
2015-03-17,8.95,9.15,8.93,9.03,96322371.0,0,1,,1.0,a
2015-03-18,9.12,9.39,9.06,9.3,134669685.0,0,,,,a
2015-03-19,9.3,9.54,9.17,9.31,114281984.0,0,,,,a
2015-03-20,9.31,9.42,9.23,9.39,126902172.0,0,,,,a
2015-03-23,9.42,9.99,9.37,9.69,183932582.0,0,,,,a
2015-03-24,9.56,9.78,9.15,9.58,155554139.0,0,,,,a
2015-03-25,9.58,9.88,9.33,9.87,151940992.0,0,,,,a
2015-03-26,9.88,10.06,9.51,9.86,138170222.0,0,,,,a
2015-03-27,9.96,9.98,9.72,9.76,99531286.0,0,,,,a
2015-03-30,9.72,9.92,9.6,9.79,131290225.0,0,,,,a
2015-03-31,9.74,10.17,9.72,9.95,181302182.0,0,,,-1.0,a
2015-04-01,9.89,10.07,9.77,9.96,115108411.0,0,,,,a
2015-04-02,9.96,10.1,9.82,9.94,111910449.0,0,,,,a
2015-04-03,9.88,10.43,9.83,10.25,178641584.0,0,,,,a
2015-04-07,10.26,10.48,10.14,10.39,133856810.0,0,,,1.0,a
2015-04-08,10.47,10.55,9.9,10.09,138910877.0,0,,,-1.0,a
2015-04-09,10.05,10.23,9.65,9.96,104109115.0,0,,,1.0,a
2015-04-10,9.96,10.96,9.9,10.96,139657638.0,0,,,,a
2015-04-13,11.35,11.35,10.83,10.98,213767024.0,0,,,,a
2015-04-14,10.9,11.19,10.7,11.03,150642274.0,0,,,,a
2015-04-15,10.87,11.25,10.68,10.87,131050549.0,0,,,,a
2015-04-16,10.66,11.17,10.51,11.04,110619234.0,0,,,,a
2015-04-17,10.9,11.55,10.85,11.17,191145410.0,0,,,,a
2015-04-20,11.03,11.42,10.76,10.83,160896115.0,0,,,,a
2015-04-21,10.9,11.46,10.83,11.3,146910174.0,0,,,-1.0,a
2015-04-22,11.3,11.87,11.19,11.49,144470157.0,0,,,1.0,a
2015-04-23,11.51,11.6,11.21,11.42,126140716.0,0,,,,a
2015-04-24,11.2,11.78,11.13,11.43,132638633.0,0,,,-1.0,a
2015-04-27,11.5,12.26,11.44,11.93,183240034.0,0,,,,a
2015-04-28,11.96,12.12,11.08,11.21,137263969.0,0,,,,a
2015-04-29,11.2,11.48,10.89,11.32,82750943.0,0,,-1,,a
2015-04-30,11.41,12.18,11.11,11.79,154580152.0,0,,,,a
2015-05-04,11.98,12.68,11.59,12.58,192507091.0,0,,1,1.0,a
2015-05-05,12.25,12.39,11.74,11.8,128979944.0,0,,,-1.0,a
2015-05-06,11.85,12.05,10.92,11.24,105583852.0,0,,-1,,a
2015-05-07,11.08,11.2,10.52,10.64,83179387.0,0,,,1.0,a
2015-05-08,10.75,10.96,10.44,10.83,74589624.0,0,-1,,-1.0,a
2015-05-11,10.84,11.13,10.5,11.07,99927985.0,0,,,,a
2015-05-12,11.06,11.35,10.98,11.19,92658563.0,0,,,,a
2015-05-13,11.3,12.09,11.12,11.74,154889058.0,0,,,,a
2015-05-14,11.56,11.71,11.34,11.38,93059310.0,0,,,,a
2015-05-15,11.32,11.65,11.03,11.19,101000743.0,0,,,,a
2015-05-18,11.24,11.61,11.11,11.19,76953833.0,0,1,,1.0,a
2015-05-19,11.2,11.39,11.1,11.35,90555181.0,0,,,,a
2015-05-20,11.35,11.66,11.28,11.38,109983640.0,0,,,-1.0,a
2015-05-21,11.4,11.79,11.35,11.72,124969900.0,0,,,,a
2015-05-22,11.75,12.01,11.56,11.93,138489000.0,0,,,,a
2015-05-25,11.86,12.41,11.75,12.19,174638200.0,0,,1,1.0,a
2015-05-26,12.24,12.77,11.92,12.51,197024200.0,0,,,,a
2015-05-27,13.3,13.76,13.01,13.76,250471100.0,0,,,,a
2015-05-28,13.98,14.21,12.38,12.38,264903400.0,0,,,,a
2015-05-29,12.41,12.55,11.32,11.91,155398900.0,0,,,,a
2015-06-01,11.92,12.62,11.7,12.59,154579000.0,0,,,,a
2015-06-02,12.51,13.18,12.34,13.14,172133500.0,0,,,,a
2015-06-03,13.15,13.48,12.6,12.93,154583100.0,0,,,,a
2015-06-04,12.8,12.89,11.64,12.67,123410200.0,0,,,-1.0,a
2015-06-05,12.78,13.45,12.61,13.29,181052300.0,0,,,,a
2015-06-08,13.44,13.67,13.05,13.44,159022200.0,0,,,,a
2015-06-09,13.45,13.47,12.92,13.14,110503600.0,0,,,,a
2015-06-10,12.93,13.47,12.75,13.19,112335300.0,0,,,,a
2015-06-11,13.16,13.7,13.1,13.68,152294700.0,0,,,,a
2015-06-12,13.57,14.03,13.45,13.66,163819300.0,0,,,,a
2015-06-15,13.65,13.68,12.9,12.97,130556600.0,0,,,,a
2015-06-16,12.75,12.88,12.1,12.22,98078400.0,0,,-1,,a
2015-06-17,12.24,13.14,12.12,13.0,103099300.0,0,-1,,,a
2015-06-18,12.9,13.25,12.42,12.54,91135200.0,0,,,,a
2015-06-19,12.01,12.4,11.29,11.33,71826200.0,0,,,,a
2015-06-23,11.33,11.53,10.2,11.39,74683100.0,0,,,,a
2015-06-24,11.45,11.85,11.22,11.69,79413600.0,0,,,,a
2015-06-25,11.78,12.0,11.02,11.21,83974100.0,0,,,,a
2015-06-26,10.79,11.04,10.09,10.09,75158900.0,0,,,,a
2015-06-29,10.31,10.41,9.08,9.08,105745000.0,0,,,,a
2015-06-30,9.08,9.95,8.17,9.78,131866800.0,0,,,1.0,a
2015-07-01,9.6,10.07,9.0,9.02,106954700.0,0,,,,a
2015-07-02,8.91,9.1,8.13,8.18,95723600.0,0,,,,a
2015-07-03,7.98,8.35,7.36,7.36,97446700.0,0,,,,a
2015-07-06,7.88,8.07,6.62,6.65,138582700.0,0,,,,a
2015-07-07,6.49,6.49,5.99,6.0,159609900.0,0,,,,a
2015-07-13,6.6,6.6,6.6,6.6,3876000.0,0,,,-1.0,a
2015-07-14,7.26,7.26,7.26,7.26,5147700.0,0,,,,a
2015-07-15,7.97,7.97,6.78,6.95,167829800.0,0,,,,a
2015-07-16,6.95,7.34,6.49,7.18,77421400.0,0,,,,a
2015-07-17,7.18,7.8,7.18,7.69,93037000.0,0,,,,a
2015-07-20,7.69,8.1,7.57,7.91,104960000.0,0,1,,,a
2015-07-21,7.75,8.27,7.65,8.23,103450800.0,0,,1,1.0,a
2015-07-22,8.1,8.45,7.97,8.35,133835700.0,0,,,,a
2015-07-23,8.5,9.03,8.5,8.92,169432900.0,0,,,,a
2015-07-24,8.87,8.95,8.3,8.5,130140600.0,0,,,,a
2015-07-27,8.22,8.98,7.65,7.7,149130400.0,0,,,,a
2015-07-28,7.18,8.47,6.96,8.33,148787900.0,0,,,,a
2015-07-29,8.24,8.71,7.96,8.64,126953500.0,0,,,,a
2015-07-30,8.49,8.82,8.08,8.2,89675900.0,0,,,,a
2015-07-31,8.03,8.29,7.57,7.86,66576000.0,0,-1,,-1.0,a
2015-08-03,7.75,8.15,7.31,7.85,61816500.0,0,,,,a
2015-08-04,7.88,8.4,7.75,8.34,67620200.0,0,,,,a
2015-08-05,8.25,8.36,8.0,8.03,53237600.0,0,,,,a
2015-08-06,7.84,8.45,7.8,8.32,69579700.0,0,,,,a
2015-08-07,8.4,8.63,8.3,8.53,86717700.0,0,1,,,a
2015-08-10,8.66,9.0,8.51,8.9,94662500.0,0,,,,a
2015-08-11,8.89,9.37,8.69,9.01,118436600.0,0,,,1.0,a
2015-08-12,8.87,9.9,8.7,9.68,180324900.0,0,,,,a
2015-08-13,9.5,9.9,9.21,9.81,108649700.0,0,,,,a
2015-08-14,9.82,10.0,9.45,9.72,102314700.0,0,,,,a
2015-08-17,9.58,10.42,9.46,10.21,118884200.0,0,,,,a
2015-08-18,10.26,10.76,9.2,9.56,149093400.0,0,,,,a
2015-08-19,9.35,10.52,9.33,10.52,191023600.0,0,,,,a
2015-08-20,10.51,10.99,10.09,10.13,180494500.0,0,,,,a
2015-08-21,9.77,9.96,9.12,9.12,114052400.0,0,,,,a
2015-08-24,8.3,8.44,8.21,8.21,36125900.0,0,-1,,,a
2015-08-25,7.39,7.57,7.39,7.39,91905400.0,0,,-1,-1.0,a
2015-08-26,7.1,7.65,6.65,6.65,95354600.0,0,,,,a
2015-08-27,6.85,6.98,6.0,6.82,96689000.0,0,,,,a
2015-08-28,6.91,7.5,6.7,7.5,116013700.0,0,,,,a
2015-08-31,7.36,7.49,6.96,7.46,90970900.0,0,,,,a
2015-09-01,7.35,7.35,6.72,7.15,114913800.0,0,,,,a
2015-09-02,6.66,7.34,6.44,6.45,55545100.0,0,,,,a
2015-09-07,6.6,6.99,6.45,6.57,53428200.0,0,,,,a
2015-09-08,6.57,7.1,6.42,6.93,42515200.0,0,,,,a
2015-09-09,7.0,7.38,6.95,7.22,64221400.0,0,,,,a
2015-09-10,7.13,7.35,7.0,7.04,49590300.0,0,,,,a
2015-09-11,6.99,7.29,6.95,7.2,45283400.0,0,,,,a
2015-09-14,7.3,7.63,6.52,6.84,102632400.0,0,1,,,a
2015-09-15,6.55,6.68,6.16,6.16,60277100.0,0,-1,,,a
2015-09-16,6.19,6.78,6.1,6.74,54558900.0,0,,,,a
2015-09-17,6.68,6.92,6.45,6.47,55725300.0,0,,,1.0,a
2015-09-18,6.54,6.67,6.37,6.55,29224000.0,0,,,,a
2015-09-21,6.4,6.78,6.37,6.73,38529900.0,0,,1,-1.0,a
2015-09-22,6.74,7.11,6.64,7.08,74042300.0,0,,,,a
2015-09-23,6.85,6.94,6.6,6.72,50586600.0,0,,,,a
2015-09-24,6.75,6.9,6.71,6.82,35792900.0,0,1,,,a
2015-09-25,6.8,6.97,6.57,6.59,40913100.0,0,,,,a
2015-09-28,6.64,6.9,6.42,6.82,37363500.0,0,,,1.0,a
2015-09-29,6.67,7.29,6.62,6.99,88785900.0,0,,,,a
2015-09-30,6.93,7.5,6.93,7.39,92008600.0,0,,,,a
2015-10-08,7.83,8.13,7.6,7.7,123109900.0,0,,,,a
2015-10-09,7.7,8.1,7.61,8.09,83664000.0,0,,,,a
2015-10-12,8.15,8.8,8.07,8.08,155970800.0,0,,,,a
2015-10-13,8.08,8.36,7.91,8.3,80771100.0,0,,,,a
2015-10-14,8.3,8.48,7.91,7.98,162448900.0,0,,,,a
2015-10-15,7.9,8.14,7.7,8.11,98848000.0,0,,,,a
2015-10-16,8.1,8.11,7.93,8.06,80450800.0,0,,,,a
2015-10-19,8.05,8.2,7.93,8.15,96397900.0,0,,,-1.0,a
2015-10-20,8.13,8.27,7.98,8.17,76410900.0,0,,,,a
2015-10-21,8.1,8.11,7.35,7.35,112169600.0,0,-1,,,a
2015-10-22,7.3,7.53,7.16,7.49,71187900.0,0,,,,a
2015-10-23,7.55,7.68,7.38,7.64,69632900.0,0,,,,a
2015-10-26,7.75,7.97,7.57,7.82,86427800.0,0,,,,a
2015-10-27,7.71,7.74,7.32,7.65,61871500.0,0,,,,a
2015-10-28,7.58,7.77,7.36,7.41,51833500.0,0,,-1,,a
2015-10-29,7.47,7.6,7.34,7.52,37641500.0,0,,,,a
2015-10-30,7.48,7.51,7.32,7.38,35754900.0,0,,,,a
2015-11-02,7.27,7.33,7.06,7.1,50349500.0,0,,,,a
2015-11-03,7.25,7.48,7.2,7.27,55752000.0,0,,,,a
2015-11-04,7.25,7.57,7.25,7.56,72392400.0,0,,,,a
2015-11-05,7.6,7.86,7.52,7.75,103498800.0,0,,,1.0,a
2015-11-06,7.78,7.88,7.7,7.83,65454700.0,0,,1,,a
2015-11-09,7.78,8.13,7.78,7.85,87590900.0,0,1,,,a
2015-11-10,7.8,8.04,7.7,7.97,86077600.0,0,,,,a
2015-11-11,8.01,8.06,7.81,7.91,63772900.0,0,,,,a
2015-11-12,7.91,7.94,7.72,7.79,49701400.0,0,,,,a
2015-11-13,7.7,7.78,7.53,7.56,52825500.0,0,,,-1.0,a
2015-11-16,7.4,7.69,7.36,7.66,36860700.0,0,,,,a
2015-11-17,7.75,7.98,7.74,7.84,88489900.0,0,-1,,,a
2015-11-18,7.84,7.89,7.65,7.7,49560300.0,0,,,,a
2015-11-19,7.73,7.78,7.58,7.77,35982100.0,0,,,,a
2015-11-20,7.77,7.83,7.7,7.75,43985200.0,0,,,,a
2015-11-23,7.77,8.04,7.74,7.86,79297400.0,0,1,,1.0,a
2015-11-24,7.81,8.02,7.67,7.98,57170800.0,0,,,-1.0,a
2015-11-25,8.0,8.07,7.93,7.98,57230100.0,0,,,,a
2015-11-26,7.98,8.4,7.95,8.15,102906200.0,0,,,1.0,a
2015-11-27,8.1,8.15,7.34,7.43,71063200.0,0,,-1,,a
2015-11-30,7.46,7.54,6.87,7.29,45904900.0,0,-1,,,a
2015-12-01,7.27,7.73,7.21,7.68,45894600.0,0,,,,a
2015-12-02,7.94,7.95,7.43,7.74,79968200.0,0,,,,a
2015-12-03,7.62,7.86,7.5,7.82,64410500.0,0,,,-1.0,a
2015-12-04,7.76,8.28,7.58,8.15,113713500.0,0,,1,,a
2015-12-07,8.15,8.3,8.03,8.15,82058600.0,0,1,,1.0,a
2015-12-08,8.03,8.08,7.68,7.7,60307000.0,0,,,,a
2015-12-09,7.61,7.76,7.55,7.68,34037700.0,0,,-1,,a
2015-12-10,7.6,7.78,7.56,7.58,32650600.0,0,,,,a
2015-12-11,7.53,7.6,7.34,7.46,28876900.0,0,-1,,-1.0,a
2015-12-14,7.34,7.64,7.32,7.63,47520100.0,0,,,,a
2015-12-15,7.65,7.8,7.59,7.67,36945400.0,0,,,,a
2015-12-16,7.69,7.75,7.51,7.54,40712200.0,0,,,,a
2015-12-17,7.59,7.73,7.58,7.7,44355100.0,0,,,,a
2015-12-18,7.67,7.83,7.59,7.8,62619300.0,0,,,,a
2015-12-21,7.73,8.0,7.71,7.97,77493700.0,0,1,1,1.0,a
2015-12-22,7.96,8.3,7.82,8.14,95699200.0,0,,,,a
2015-12-23,8.1,8.13,7.86,7.9,58062300.0,0,,,,a
2015-12-24,7.93,8.21,7.88,8.11,87375900.0,0,,,,a
2015-12-25,8.09,8.1,7.9,8.03,47812800.0,0,,,,a
2015-12-28,8.03,8.07,7.67,7.68,58250600.0,0,,,,a
2015-12-29,7.65,7.76,7.52,7.74,34086000.0,0,,,-1.0,a
2015-12-30,7.8,7.8,7.62,7.7,36402400.0,0,-1,-1,,a
2015-12-31,7.69,7.75,7.55,7.56,27949900.0,0,,,,a
2016-01-04,7.51,7.58,6.8,6.8,40971200.0,0,,,,a
2016-01-05,6.53,6.81,6.3,6.69,47800500.0,0,,,,a
2016-01-06,6.7,6.88,6.69,6.87,30998000.0,0,,,,a
2016-01-07,6.74,6.74,6.18,6.19,10613600.0,0,,,,a
2016-01-08,6.39,6.6,6.02,6.5,47947500.0,0,,,,a
2016-01-11,6.39,6.68,6.1,6.18,45373400.0,0,,,,a
2016-01-12,6.21,6.32,6.08,6.22,27817000.0,0,,,,a
2016-01-13,6.29,6.36,6.03,6.06,26542300.0,0,,,,a
2016-01-14,5.92,6.2,5.83,6.18,30861300.0,0,,,1.0,a
2016-01-15,6.12,6.16,5.76,5.85,32575000.0,0,,,-1.0,a
2016-01-18,5.75,5.95,5.66,5.85,24069900.0,0,,,,a
2016-01-19,5.85,6.04,5.8,6.02,27567700.0,0,,,,a
2016-01-20,5.97,6.08,5.87,5.98,27017000.0,0,,,,a
2016-01-21,5.89,6.01,5.7,5.72,24044600.0,0,,,,a
2016-01-22,5.8,5.85,5.63,5.8,22717500.0,0,,,,a
2016-01-25,5.85,5.88,5.78,5.88,25515900.0,0,,,,a
2016-01-26,5.8,5.84,5.29,5.29,39672600.0,0,,,,a
2016-01-27,5.33,5.35,5.01,5.18,34110800.0,0,,,1.0,a
2016-01-28,5.2,5.3,4.88,4.91,33121600.0,0,,,,a
2016-01-29,4.93,5.13,4.87,5.06,26856000.0,0,,,,a
2016-02-01,5.03,5.13,4.81,4.93,27754600.0,0,,,,a
2016-02-02,4.96,5.09,4.94,5.06,23324000.0,0,,,,a
2016-02-03,5.0,5.07,4.92,5.06,20553600.0,0,,,-1.0,a
2016-02-04,5.07,5.26,5.07,5.19,37697500.0,0,,,,a
2016-02-05,5.22,5.32,5.11,5.26,34588400.0,0,,1,,a
2016-02-15,5.08,5.39,5.03,5.36,35344200.0,0,1,,,a
2016-02-16,5.45,5.63,5.35,5.51,49760200.0,0,,,1.0,a
2016-02-17,5.46,5.54,5.36,5.49,35439000.0,0,,,,a
2016-02-18,5.53,5.62,5.46,5.48,36117700.0,0,,,,a
2016-02-19,5.45,5.48,5.35,5.42,26211400.0,0,,,,a
2016-02-22,5.48,5.59,5.45,5.54,48527600.0,0,,,,a
2016-02-23,5.55,5.88,5.46,5.85,78000800.0,0,,,,a
2016-02-24,5.7,5.75,5.56,5.7,62816000.0,0,,,,a
2016-02-25,5.69,5.69,5.13,5.13,55808800.0,0,,,,a
2016-02-26,5.16,5.21,5.0,5.12,36587100.0,0,,,,a
2016-02-29,5.1,5.1,4.68,4.81,37726200.0,0,-1,,,a
2016-03-01,4.84,5.02,4.81,4.95,32801200.0,0,,,,a
2016-03-02,4.95,5.45,4.95,5.42,75941200.0,0,,,-1.0,a
2016-03-03,5.66,5.96,5.62,5.96,50172500.0,0,,,,a
2016-03-04,6.22,6.25,5.81,6.04,168364200.0,0,,,1.0,a
2016-03-07,6.4,6.64,6.27,6.58,192776000.0,0,1,,,a
2016-03-08,6.4,6.51,5.92,6.28,125020800.0,0,,,,a
2016-03-09,5.91,6.08,5.7,5.95,89636400.0,0,,,,a
2016-03-10,5.96,5.99,5.71,5.72,53139700.0,0,,,,a
2016-03-11,5.7,5.83,5.7,5.77,45919200.0,0,,,,a
2016-03-14,5.83,6.07,5.73,5.98,63614400.0,0,,,-1.0,a
2016-03-15,5.81,5.88,5.66,5.76,56394500.0,0,-1,,,a
2016-03-16,5.78,5.82,5.5,5.62,50234000.0,0,,,,a
2016-03-17,5.78,5.85,5.61,5.83,59000700.0,0,,,,a
2016-03-18,5.9,6.1,5.89,5.97,85000700.0,0,,,,a
2016-03-21,5.97,6.48,5.95,6.44,115988800.0,0,,,,a
2016-03-22,6.3,6.46,6.21,6.29,92199100.0,0,1,,1.0,a
2016-03-23,6.29,6.45,6.24,6.34,69870900.0,0,,,,a
2016-03-24,6.18,6.29,6.06,6.07,60089400.0,0,,,,a
2016-03-25,6.27,6.32,6.08,6.22,76265400.0,0,,,,a
2016-03-28,6.21,6.22,5.98,6.03,50941200.0,0,,,-1.0,a
2016-03-29,5.99,6.03,5.75,5.82,40274500.0,0,,-1,,a
2016-03-30,5.84,5.99,5.83,5.98,31799000.0,0,-1,,,a
2016-03-31,5.98,6.02,5.94,5.99,31753500.0,0,,,,a
2016-04-01,5.95,6.05,5.87,5.97,28836600.0,0,,,,a
2016-04-05,5.98,6.12,5.94,6.11,36284200.0,0,,,,a
2016-04-06,6.1,6.3,6.07,6.19,55596300.0,0,,,,a
2016-04-07,6.15,6.19,5.95,5.96,44677300.0,0,1,,,a
2016-04-08,5.9,5.9,5.73,5.82,40985000.0,0,,,,a
2016-04-11,6.1,6.23,6.0,6.14,75759000.0,0,,,1.0,a
2016-04-12,6.09,6.15,5.97,6.1,38143600.0,0,,,,a
2016-04-13,6.35,6.66,6.32,6.36,128011400.0,0,,1,,a
2016-04-14,6.35,6.35,6.19,6.29,58495000.0,0,,,,a
2016-04-15,6.28,6.31,6.16,6.19,43515700.0,0,,,,a
2016-04-18,6.11,6.29,6.0,6.25,41697600.0,0,,,,a
2016-04-19,6.36,6.4,6.15,6.23,44996744.0,0,,,,a
2016-04-20,6.35,6.46,6.0,6.33,100349654.0,0,,,-1.0,a
2016-04-21,6.5,6.96,6.36,6.93,224870734.0,0,,,1.0,a
2016-04-22,6.6,6.66,6.28,6.31,138229985.0,0,,,,a
2016-04-25,6.2,6.26,5.95,6.12,70867401.0,0,,,,a
2016-04-26,6.07,6.15,6.02,6.12,42019522.0,0,,-1,,a
2016-04-27,6.17,6.34,6.09,6.16,66694732.0,0,,,,a
2016-04-28,6.09,6.13,5.96,6.06,44124886.0,0,-1,,-1.0,a
2016-04-29,6.05,6.12,6.02,6.04,23042582.0,0,,,,a
2016-05-03,6.04,6.28,6.01,6.27,51862068.0,0,,,,a
2016-05-04,6.2,6.34,6.16,6.21,38848125.0,0,,,,a
2016-05-05,6.17,6.21,6.04,6.15,38478034.0,0,,,,a
2016-05-06,6.14,6.14,5.97,5.99,45387434.0,0,,,,a
2016-05-09,5.94,5.94,5.53,5.58,44523193.0,0,,,,a
2016-05-10,5.6,5.65,5.5,5.56,24825733.0,0,,,,a
2016-05-11,5.63,5.66,5.48,5.5,35052476.0,0,,,,a
2016-05-12,5.4,5.4,5.2,5.39,36968349.0,0,,,,a
2016-05-13,5.31,5.45,5.27,5.37,31633838.0,0,,,,a
2016-05-16,5.35,5.4,5.24,5.39,35488842.0,0,,,,a
2016-05-17,5.4,5.4,5.31,5.34,25332164.0,0,,,,a
2016-05-18,5.31,5.33,5.05,5.13,34224500.0,0,,,,a
2016-05-19,5.08,5.21,5.08,5.13,21045385.0,0,,,,a
2016-05-20,5.1,5.27,5.05,5.22,32704043.0,0,,,,a
2016-05-23,5.2,5.25,5.13,5.21,32986227.0,0,,,,a
2016-05-24,5.2,5.24,5.15,5.19,19763640.0,0,,,,a
2016-05-31,5.3,5.54,5.27,5.53,59025547.0,0,,,1.0,a
2016-06-01,5.48,5.6,5.43,5.5,42981890.0,0,1,1,,a
2016-06-02,5.52,5.53,5.44,5.5,29866310.0,0,,,,a
2016-06-03,5.5,5.51,5.45,5.48,25419854.0,0,,,,a
2016-06-06,5.5,5.52,5.46,5.51,24200856.0,0,,,,a
2016-06-07,5.51,5.58,5.46,5.53,28190398.0,0,,,-1.0,a
2016-06-08,5.5,5.51,5.39,5.43,26112929.0,0,,,,a
2016-06-13,5.35,5.37,5.11,5.14,22736608.0,0,,,,a
2016-06-14,5.1,5.2,5.08,5.18,23215407.0,0,-1,,,a
2016-06-15,5.11,5.33,5.09,5.32,28663342.0,0,,,,a
2016-06-16,5.27,5.34,5.26,5.28,21472971.0,0,,,,a
2016-06-17,5.31,5.55,5.31,5.49,50992790.0,0,,,1.0,a
2016-06-20,5.49,5.52,5.39,5.45,23632496.0,0,,,,a
2016-06-21,5.46,5.5,5.31,5.34,25148269.0,0,1,,,a
2016-06-22,5.32,5.42,5.31,5.41,15279312.0,0,,,,a
2016-06-23,5.41,5.43,5.31,5.35,18075323.0,0,,,,a
2016-06-24,5.34,5.37,5.11,5.28,31511337.0,0,,,-1.0,a
2016-06-27,5.22,5.44,5.18,5.41,29669730.0,0,,,,a
2016-06-28,5.36,5.44,5.33,5.43,23074735.0,0,,,,a
2016-06-29,5.44,5.56,5.43,5.47,34741095.0,0,-1,,1.0,a
2016-06-30,5.5,5.62,5.44,5.59,48899804.0,0,1,,,a
2016-07-01,5.58,5.61,5.51,5.57,24488259.0,0,,,,a
2016-07-04,5.62,6.13,5.62,6.13,92714825.0,0,,,,a
2016-07-05,6.2,6.35,6.05,6.22,145179587.0,0,,,,a
2016-07-06,6.02,6.15,6.01,6.12,73065242.0,0,,,,a
2016-07-07,6.09,6.27,6.0,6.07,71435560.0,0,,,,a
2016-07-08,6.02,6.06,5.96,6.0,43051483.0,0,,,,a
2016-07-11,6.01,6.25,6.0,6.09,66783949.0,0,,,,a
2016-07-12,6.12,6.23,6.05,6.18,57916823.0,0,,,-1.0,a
2016-07-13,6.25,6.46,6.19,6.3,73251686.0,0,,,,a
2016-07-14,6.2,6.3,6.17,6.29,36344414.0,0,,,,a
2016-07-15,6.38,6.39,6.2,6.21,35580527.0,0,,,,a
2016-07-18,6.18,6.18,6.08,6.1,27255971.0,0,,,,a
2016-07-19,6.11,6.15,6.06,6.15,18849565.0,0,,,,a
2016-07-20,6.22,6.33,6.21,6.26,48874138.0,0,,,,a
2016-07-21,6.3,6.33,6.21,6.26,28527230.0,0,,,,a
2016-07-22,6.22,6.24,6.1,6.12,27651691.0,0,-1,,,a
2016-07-25,6.06,6.15,6.06,6.11,16505420.0,0,,-1,,a
2016-07-26,6.12,6.16,6.09,6.15,21423667.0,0,,,,a
2016-07-27,6.16,6.23,5.75,5.92,48555569.0,0,,,,a
2016-07-28,5.88,5.92,5.78,5.88,25653548.0,0,,,,a
2016-07-29,5.86,5.86,5.79,5.81,15359305.0,0,,,,a
2016-08-01,5.8,5.83,5.7,5.82,16893629.0,0,,,,a
2016-08-02,5.81,5.86,5.79,5.85,10573221.0,0,,,,a
2016-08-03,5.9,5.96,5.85,5.92,21024711.0,0,,,,a
2016-08-04,5.92,6.0,5.88,5.91,13441922.0,0,,,,a
2016-08-05,5.91,5.96,5.87,5.89,11362400.0,0,,,,a
2016-08-08,5.89,6.02,5.85,6.01,20630180.0,0,1,,,a
2016-08-09,6.01,6.05,5.95,6.0,14939555.0,0,,,,a
2016-08-10,5.98,6.05,5.95,5.99,15574083.0,0,,,,a
2016-08-11,5.96,5.98,5.85,5.86,15903468.0,0,,,1.0,a
2016-08-12,5.89,6.04,5.86,6.02,20827982.0,0,,,,a
2016-08-15,6.0,6.17,5.99,6.17,33675980.0,0,,1,,a
2016-08-16,6.16,6.21,6.12,6.16,28314468.0,0,,,,a
2016-08-17,6.18,6.19,6.08,6.16,19767991.0,0,,,,a
2016-08-18,6.14,6.18,6.11,6.14,16775827.0,0,,,,a
2016-08-19,6.14,6.17,6.03,6.15,19847091.0,0,,,,a
2016-08-22,6.11,6.13,6.0,6.02,16619819.0,0,,,,a
2016-08-23,6.03,6.04,5.96,6.0,14847461.0,0,,-1,-1.0,a
2016-08-24,6.01,6.04,5.98,5.99,9996090.0,0,-1,,,a
2016-08-25,5.96,5.96,5.9,5.94,13808166.0,0,,,,a
2016-08-26,5.94,5.97,5.91,5.93,12908664.0,0,,,,a
2016-08-29,5.92,5.97,5.91,5.95,10117986.0,0,,,,a
2016-08-30,5.95,5.98,5.93,5.94,8332455.0,0,,,,a
2016-08-31,5.96,6.18,5.95,6.09,39356006.0,0,,,1.0,a
2016-09-01,6.08,6.09,6.02,6.03,16217076.0,0,,,,a
2016-09-02,6.03,6.08,5.94,6.0,14796438.0,0,1,,,a
2016-09-05,6.02,6.07,6.0,6.03,10384128.0,0,,,,a
2016-09-06,6.01,6.06,5.94,6.06,14681303.0,0,,,,a
2016-09-07,6.04,6.12,6.03,6.05,17654976.0,0,,,-1.0,a
2016-09-08,6.04,6.08,6.02,6.05,11322544.0,0,,1,,a
2016-09-09,6.07,6.09,5.99,6.0,14662295.0,0,,-1,,a
2016-09-12,5.9,5.9,5.72,5.75,30566528.0,0,-1,,,a
2016-09-13,5.75,5.79,5.71,5.78,11523156.0,0,,,,a
2016-09-14,5.73,5.76,5.7,5.74,13073212.0,0,,,1.0,a
2016-09-19,5.75,5.9,5.75,5.89,16560679.0,0,,,,a
2016-09-20,5.9,6.12,5.85,6.06,36412641.0,0,,,,a
2016-09-21,6.06,6.06,5.96,6.0,15359345.0,0,,,,a
2016-09-22,6.06,6.13,6.01,6.03,24940732.0,0,1,1,,a
2016-09-23,6.06,6.06,5.94,5.98,13486040.0,0,,,,a
2016-09-26,5.96,5.97,5.85,5.86,13387925.0,0,,-1,,a
2016-09-27,5.81,5.88,5.79,5.87,10230901.0,0,,,-1.0,a
2016-09-28,5.88,5.9,5.83,5.84,6012240.0,0,,,,a
2016-09-29,5.89,6.0,5.87,5.9,15235886.0,0,-1,,,a
2016-09-30,5.85,5.96,5.83,5.9,10130962.0,0,,,,a
2016-10-10,5.98,6.1,5.94,6.09,24345832.0,0,,1,,a
2016-10-11,6.14,6.25,6.08,6.21,46962657.0,0,1,,1.0,a
2016-10-12,6.18,6.21,6.12,6.15,29516492.0,0,,,,a
2016-10-13,6.14,6.17,6.1,6.13,18473458.0,0,,,,a
2016-10-14,6.16,6.32,6.14,6.29,55341801.0,0,,,,a
2016-10-17,6.25,6.27,6.05,6.09,40514104.0,0,,,,a
2016-10-18,6.04,6.21,6.02,6.19,24081345.0,0,,,,a
2016-10-19,6.18,6.21,6.09,6.13,21740298.0,0,,,,a
2016-10-20,6.08,6.29,6.08,6.22,28978504.0,0,,,,a
2016-10-21,6.17,6.2,6.05,6.13,24485246.0,0,-1,,-1.0,a
2016-10-24,6.15,6.69,6.15,6.4,76664197.0,0,1,,,a
2016-10-25,6.38,6.54,6.33,6.44,45287128.0,0,,,1.0,a
2016-10-26,6.37,6.65,6.34,6.54,61298627.0,0,,,,a
2016-10-27,6.59,6.64,6.45,6.58,34362234.0,0,,,,a
2016-10-28,6.56,6.56,6.3,6.32,59040174.0,0,,,,a
2016-10-31,6.36,6.38,6.27,6.32,21894057.0,0,,,,a
2016-11-01,6.33,6.38,6.24,6.35,26249344.0,0,,,,a
2016-11-02,6.3,6.33,6.21,6.23,26787403.0,0,,-1,-1.0,a
2016-11-03,6.22,6.29,6.18,6.22,24870989.0,0,-1,,,a
2016-11-04,6.24,6.26,6.14,6.16,26272631.0,0,,,,a
2016-11-07,6.18,6.39,6.16,6.33,50525361.0,0,,,,a
2016-11-08,6.37,6.9,6.36,6.71,123531549.0,0,,1,1.0,a
2016-11-09,6.71,6.79,6.43,6.55,96272278.0,0,1,,,a
2016-11-10,6.67,7.0,6.61,6.92,108538089.0,0,,,,a
2016-11-11,6.95,7.6,6.85,7.32,164175699.0,0,,,,a
2016-11-14,6.99,7.4,6.96,7.15,117937905.0,0,,,,a
2016-11-15,7.15,7.42,7.04,7.16,73699124.0,0,,,,a
2016-11-16,7.19,7.72,7.1,7.52,126089098.0,0,,,,a
2016-11-17,7.38,7.59,7.32,7.34,69148897.0,0,,,,a
2016-11-18,7.28,7.3,7.08,7.13,55726250.0,0,,,-1.0,a
2016-11-21,7.28,7.68,7.28,7.67,106931082.0,0,,,,a
2016-11-22,7.87,7.97,7.46,7.57,98575531.0,0,,,,a
2016-11-23,7.54,7.68,7.36,7.4,60555059.0,0,,,,a
2016-11-24,7.59,7.64,7.39,7.43,63064181.0,0,,,,a
2016-11-25,7.4,7.44,7.15,7.34,52306052.0,0,,,,a
2016-11-28,7.32,7.92,7.22,7.87,123191961.0,0,,,,a
2016-11-29,7.72,7.76,7.54,7.58,77794550.0,0,,,,a
2016-11-30,7.38,7.43,7.17,7.29,61690222.0,0,,-1,,a
2016-12-01,7.29,7.41,7.24,7.37,28487027.0,0,,,,a
2016-12-02,7.34,7.36,7.05,7.21,43024829.0,0,-1,,,a
2016-12-05,7.14,7.35,7.1,7.22,36071590.0,0,,,,a
2016-12-06,7.22,7.26,7.03,7.04,32541959.0,0,,,,a
2016-12-07,7.07,7.25,7.04,7.24,31860138.0,0,,,,a
2016-12-08,7.2,7.21,7.1,7.11,24892298.0,0,,,,a
2016-12-09,7.03,7.19,6.99,7.17,30149904.0,0,,,,a
2016-12-12,7.4,7.48,6.85,6.98,61987439.0,0,,,,a
2016-12-13,6.9,7.31,6.7,7.27,58582673.0,0,,,1.0,a
2016-12-14,7.26,7.49,7.18,7.36,80989077.0,0,,,,a
2016-12-15,7.4,7.45,7.22,7.38,43159796.0,0,1,,,a
2016-12-16,7.36,7.53,7.3,7.33,52420040.0,0,,,,a
2016-12-19,7.27,7.65,7.22,7.52,77269312.0,0,,,,a
2016-12-20,7.4,7.48,7.2,7.3,51489668.0,0,,,,a
2016-12-21,7.37,7.44,7.29,7.42,41262457.0,0,,,,a
2016-12-22,7.42,7.43,7.25,7.25,40382439.0,0,,,-1.0,a
2016-12-23,7.24,7.25,6.92,6.97,49014507.0,0,,,,a
2016-12-26,6.87,6.99,6.81,6.96,23893414.0,0,-1,,,a
2016-12-27,6.91,7.07,6.89,7.0,21473954.0,0,,,,a
2016-12-28,7.03,7.08,6.93,6.96,14557502.0,0,,,,a
2016-12-29,6.93,7.0,6.9,6.94,11843433.0,0,,,,a
2016-12-30,7.0,7.04,6.92,6.96,14082054.0,0,,,,a
2017-01-03,7.02,7.24,7.01,7.19,37461841.0,0,,,,a
2017-01-04,7.11,7.25,7.1,7.24,28759214.0,0,,,,a
2017-01-05,7.23,7.28,7.18,7.25,24410592.0,0,1,,,a
2017-01-06,7.25,7.32,7.18,7.19,25770357.0,0,,,1.0,a
2017-01-09,7.28,7.34,7.2,7.34,24811574.0,0,,1,,a
2017-01-10,7.35,7.45,7.26,7.34,36997508.0,0,,,,a
2017-01-11,7.33,7.38,7.18,7.21,28860694.0,0,,,,a
2017-01-12,7.3,7.56,7.3,7.35,56234907.0,0,,,,a
2017-01-13,7.4,7.45,7.11,7.13,32919782.0,0,,,,a
2017-01-16,7.32,7.45,6.94,7.19,62048114.0,0,,,,a
2017-01-17,7.23,7.38,7.01,7.28,48138982.0,0,-1,,,a
2017-01-18,7.25,7.67,7.2,7.5,77755336.0,0,1,,,a
2017-01-19,7.4,7.57,7.28,7.35,44478321.0,0,,,,a
2017-01-20,7.33,7.47,7.3,7.36,39440236.0,0,,,,a
2017-01-23,7.35,7.52,7.25,7.41,48016344.0,0,,,,a
2017-01-24,7.41,7.63,7.36,7.6,74330211.0,0,,,,a
2017-01-25,7.51,7.59,7.46,7.52,40574399.0,0,,,-1.0,a
2017-01-26,7.65,7.71,7.54,7.65,63273792.0,0,,,1.0,a
2017-02-03,7.61,7.67,7.43,7.51,48211367.0,0,,,,a
2017-02-06,7.54,7.58,7.39,7.45,57153612.0,0,,,,a
2017-02-07,7.45,7.51,7.4,7.51,40386325.0,0,,,-1.0,a
2017-02-08,7.5,7.56,7.42,7.51,39499686.0,0,,,1.0,a
2017-02-09,7.46,7.51,7.42,7.48,38758100.0,0,-1,,-1.0,a
2017-02-10,7.44,7.86,7.43,7.68,99901491.0,0,,,1.0,a
2017-02-13,7.8,7.99,7.64,7.7,97892660.0,0,1,,,a
2017-02-14,7.72,8.38,7.65,8.12,148182801.0,0,,,,a
2017-02-15,8.0,8.07,7.85,7.95,92094500.0,0,,,,a
2017-02-16,7.91,8.1,7.85,7.88,74559940.0,0,,,,a
2017-02-17,7.78,7.79,7.58,7.63,73473501.0,0,,,,a
2017-02-20,7.6,7.76,7.58,7.75,36537160.0,0,,,,a
2017-02-21,7.75,7.77,7.63,7.68,36344758.0,0,,-1,-1.0,a
2017-02-22,7.64,7.77,7.63,7.72,42909167.0,0,-1,,,a
2017-02-23,7.72,7.79,7.46,7.48,69975887.0,0,,,,a
2017-02-24,7.38,7.48,7.23,7.38,72791587.0,0,,,,a
2017-02-27,7.4,7.45,7.26,7.29,36711062.0,0,,,,a
2017-02-28,7.27,7.33,7.24,7.31,22111456.0,0,,,,a
2017-03-01,7.3,7.39,7.23,7.36,35251225.0,0,,,,a
2017-03-02,7.35,7.39,7.24,7.26,31511987.0,0,,,,a
2017-03-03,7.15,7.3,7.12,7.29,29019177.0,0,,,,a
2017-03-06,7.25,7.36,7.24,7.33,26972941.0,0,,,,a
2017-03-07,7.31,7.54,7.28,7.39,49878879.0,0,,,,a
2017-03-08,7.33,7.5,7.28,7.35,32985057.0,0,,,,a
2017-03-09,7.32,7.33,7.17,7.19,27593773.0,0,,,,a
2017-03-10,7.24,7.25,7.14,7.19,16852442.0,0,,,,a
2017-03-13,7.18,7.22,7.03,7.19,33174289.0,0,,,1.0,a
2017-03-14,7.18,7.21,7.08,7.14,22903959.0,0,,,-1.0,a
2017-03-15,7.12,7.14,7.06,7.09,15928153.0,0,,,,a
2017-03-16,7.13,7.3,7.09,7.24,38976201.0,0,,,,a
2017-03-17,7.27,7.32,7.2,7.2,26502534.0,0,,,,a
2017-03-20,7.3,7.41,7.28,7.32,38373365.0,0,,,,a
2017-03-21,7.3,7.32,7.23,7.28,19895546.0,0,1,1,1.0,a
2017-03-22,7.18,7.24,7.08,7.19,36338998.0,0,,-1,,a
2017-03-23,7.2,7.28,7.1,7.15,35022874.0,0,,,,a
2017-03-24,7.17,7.22,7.1,7.17,36759071.0,0,,,,a
2017-03-27,7.16,7.16,7.0,7.05,41671023.0,0,-1,,,a
2017-03-28,7.04,7.09,7.0,7.02,20189693.0,0,,,,a
2017-03-29,7.04,7.07,6.99,7.01,18789312.0,0,,,-1.0,a
2017-03-30,7.01,7.03,6.77,6.91,46728743.0,0,,,1.0,a
2017-03-31,6.9,6.93,6.85,6.9,14489561.0,0,,,-1.0,a
2017-04-05,6.9,7.05,6.88,7.05,21990298.0,0,,,,a
2017-04-06,7.03,7.04,6.97,7.03,17956693.0,0,,,,a
2017-04-07,6.89,6.95,6.86,6.9,26224401.0,0,,,,a
2017-04-10,6.86,6.86,6.66,6.71,35967139.0,0,,,,a
2017-04-11,6.7,6.76,6.65,6.75,26201984.0,0,,,,a
2017-04-12,6.7,6.82,6.65,6.75,23477322.0,0,,,1.0,a
2017-04-13,6.73,6.8,6.69,6.75,23829601.0,0,,,,a
2017-04-14,6.75,6.76,6.66,6.66,19004088.0,0,,,,a
2017-04-17,6.63,6.68,6.6,6.62,13834258.0,0,,,-1.0,a
2017-04-18,6.64,6.65,6.46,6.55,20684103.0,0,,,,a
2017-04-19,6.49,6.49,6.1,6.23,29387546.0,0,,,,a
2017-04-20,6.25,6.25,5.98,6.15,28635655.0,0,,,,a
2017-04-21,6.18,6.18,6.04,6.07,17168126.0,0,,,,a
2017-04-24,6.02,6.02,5.7,5.75,29455265.0,0,,,1.0,a
2017-04-25,5.74,5.84,5.72,5.73,16774278.0,0,,,,a
2017-04-26,5.79,5.8,5.71,5.72,16759700.0,0,,,,a
2017-04-27,5.72,5.75,5.55,5.65,30506351.0,0,,,-1.0,a
2017-04-28,5.67,5.75,5.55,5.74,38966817.0,0,,,1.0,a
2017-05-02,5.71,5.81,5.69,5.75,29186244.0,0,,,,a
2017-05-03,5.75,5.77,5.7,5.72,13173965.0,0,,,,a
2017-05-04,5.6,5.69,5.55,5.57,25852020.0,0,,,,a
2017-05-05,5.52,5.53,5.45,5.47,20892971.0,0,,,,a
2017-05-08,5.47,5.49,5.37,5.38,17055409.0,0,,,-1.0,a
2017-05-09,5.38,5.52,5.36,5.51,20674363.0,0,,,,a
2017-05-10,5.51,5.53,5.41,5.42,13110281.0,0,,,,a
2017-05-11,5.36,5.49,5.3,5.47,17964364.0,0,,,,a
2017-05-12,5.44,5.52,5.42,5.49,12903505.0,0,,1,,a
2017-05-15,5.52,5.54,5.47,5.51,8696885.0,0,,,,a
2017-05-16,5.49,5.61,5.44,5.61,13817647.0,0,,,,a
2017-05-17,5.61,5.63,5.58,5.59,12981934.0,0,1,,,a
2017-05-18,5.52,5.56,5.47,5.48,11833962.0,0,,,,a
2017-05-19,5.5,5.61,5.49,5.56,13663922.0,0,,,,a
2017-05-22,5.6,5.62,5.47,5.48,15688877.0,0,,,,a
2017-05-23,5.49,5.54,5.3,5.32,17492700.0,0,-1,,1.0,a
2017-05-24,5.3,5.32,5.2,5.3,13368543.0,0,,,,a
2017-05-25,5.32,5.42,5.26,5.39,13964385.0,0,,,,a
2017-05-26,5.39,5.4,5.3,5.34,12565786.0,0,,,,a
2017-05-31,5.39,5.42,5.28,5.3,13877981.0,0,,,,a
2017-06-01,5.29,5.3,5.12,5.14,15974055.0,0,,,-1.0,a
2017-06-02,5.14,5.23,5.07,5.22,11225321.0,0,,,,a
2017-06-05,5.26,5.27,5.2,5.23,8666714.0,0,,,,a
2017-06-06,5.23,5.27,5.19,5.26,8153526.0,0,,,,a
2017-06-07,5.27,5.36,5.23,5.36,19215172.0,0,,,,a
2017-06-08,5.34,5.62,5.3,5.59,39942942.0,0,1,,1.0,a
2017-06-09,5.5,5.54,5.46,5.51,25394739.0,0,,,,a
2017-06-12,5.5,5.59,5.43,5.45,15081756.0,0,,,,a
2017-06-13,5.46,5.53,5.43,5.51,11034363.0,0,,,,a
2017-06-14,5.52,5.68,5.47,5.58,27394000.0,0,,,,a
2017-06-15,5.52,5.61,5.52,5.6,15514032.0,0,,,,a
2017-06-16,5.65,5.66,5.59,5.59,17804028.0,0,,,-1.0,a
2017-06-19,5.57,5.7,5.5,5.66,17550463.0,0,,,,a
2017-06-20,5.66,5.68,5.59,5.62,14316069.0,0,,,,a
2017-06-21,5.63,5.66,5.53,5.59,10428923.0,0,,,,a
2017-06-22,5.6,5.64,5.53,5.54,20417053.0,0,,,,a
2017-06-23,5.52,5.54,5.37,5.49,20509600.0,0,,,,a
2017-06-26,5.48,5.61,5.46,5.6,17895087.0,0,-1,,,a
2017-06-27,5.58,5.63,5.53,5.61,15565150.0,0,,,,a
2017-06-28,5.6,5.65,5.55,5.62,15860361.0,0,,,1.0,a
2017-06-29,5.63,5.8,5.63,5.71,43217407.0,0,1,,,a
2017-06-30,5.66,5.71,5.64,5.68,20894807.0,0,,,,a
2017-07-03,5.69,5.9,5.67,5.84,32306729.0,0,,,,a
2017-07-04,5.8,5.82,5.69,5.73,26053861.0,0,,,,a
2017-07-05,5.7,5.77,5.68,5.75,20562313.0,0,,,,a
2017-07-06,5.74,5.77,5.65,5.73,18495624.0,0,,,,a
2017-07-07,5.71,5.83,5.66,5.81,25456080.0,0,,,,a
2017-07-10,5.78,5.93,5.76,5.84,32827526.0,0,,,-1.0,a
2017-07-11,5.86,5.86,5.75,5.77,19876782.0,0,,,,a
2017-07-19,5.8,6.25,5.79,6.17,81678176.0,0,,,1.0,a
2017-07-20,6.16,6.46,6.14,6.29,77657333.0,0,,,,a
2017-07-21,6.16,6.27,6.12,6.17,40130775.0,0,,,,a
2017-07-24,6.12,6.22,6.1,6.11,33048930.0,0,,,,a
2017-07-25,6.11,6.33,6.06,6.25,43863807.0,0,,,,a
2017-07-26,6.28,6.32,6.12,6.19,32014647.0,0,,,,a
2017-07-27,6.15,6.23,6.11,6.17,26620380.0,0,,,-1.0,a
2017-07-28,6.18,6.23,6.05,6.1,32378558.0,0,,,,a
2017-07-31,6.07,6.31,6.0,6.27,44746592.0,0,,,,a
2017-08-01,6.26,6.26,6.14,6.15,30887165.0,0,-1,,,a
2017-08-02,6.16,6.46,6.13,6.39,80259962.0,0,1,,,a
2017-08-03,6.33,6.43,6.3,6.36,36602952.0,0,,,1.0,a
2017-08-04,6.38,6.67,6.37,6.52,68817230.0,0,,,,a
2017-08-07,6.6,6.84,6.5,6.8,90771195.0,0,,,,a
2017-08-08,6.78,6.84,6.64,6.71,68934852.0,0,,,,a
2017-08-09,6.9,7.12,6.82,6.93,98035268.0,0,,,,a
2017-08-10,6.82,6.88,6.6,6.66,61570951.0,0,,,,a
2017-08-11,6.51,6.52,6.14,6.18,85413916.0,0,,,,a
2017-08-14,6.18,6.29,6.12,6.24,34099723.0,0,,-1,,a
2017-08-15,6.19,6.37,6.14,6.31,35030949.0,0,-1,,-1.0,a
2017-08-16,6.33,6.37,6.22,6.27,24826301.0,0,,,,a
2017-08-17,6.5,6.57,6.32,6.35,38783423.0,0,,,,a
2017-08-18,6.25,6.44,6.2,6.39,30875811.0,0,,,,a
2017-08-21,6.36,6.52,6.34,6.43,25126034.0,0,,,,a
2017-08-22,6.39,6.4,6.29,6.31,24825602.0,0,,,,a
2017-08-23,6.3,6.44,6.22,6.39,29700927.0,0,1,,,a
2017-08-24,6.39,6.39,6.22,6.25,21442094.0,0,,,,a
2017-08-25,6.33,6.35,6.25,6.31,17232492.0,0,,,,a
2017-08-28,6.27,6.4,6.26,6.37,25618307.0,0,-1,,,a
2017-08-29,6.35,6.37,6.29,6.32,19134002.0,0,,,,a
2017-08-30,6.32,6.46,6.28,6.42,28806825.0,0,,,,a
2017-08-31,6.47,6.74,6.42,6.62,54746233.0,0,1,,1.0,a
2017-09-01,6.56,6.84,6.52,6.73,53476304.0,0,,1,,a
2017-09-04,6.94,6.98,6.72,6.83,70842365.0,0,,,,a
2017-09-05,6.81,6.84,6.66,6.71,33843386.0,0,,,,a
2017-09-06,6.65,6.92,6.56,6.82,63492169.0,0,,,,a
2017-09-07,6.82,6.82,6.63,6.64,35592422.0,0,,,,a
2017-09-08,6.6,6.69,6.43,6.52,36419957.0,0,,,,a
2017-09-11,6.46,6.64,6.43,6.6,25416470.0,0,,-1,-1.0,a
2017-09-12,6.55,6.64,6.54,6.63,26643198.0,0,-1,,,a
2017-09-13,6.63,6.77,6.6,6.75,33610470.0,0,,,,a
2017-09-14,6.76,6.98,6.72,6.84,75596874.0,0,,1,,a
2017-09-15,6.79,6.87,6.68,6.7,43485000.0,0,,,,a
2017-09-18,6.58,6.68,6.51,6.67,36266562.0,0,1,-1,1.0,a
2017-09-19,6.61,6.84,6.55,6.75,32240613.0,0,,,,a
2017-09-20,6.72,6.78,6.63,6.76,21869222.0,0,,,,a
2017-09-21,6.76,6.77,6.59,6.6,27066500.0,0,,,-1.0,a
2017-09-22,6.57,6.63,6.52,6.56,24961786.0,0,-1,,,a
2017-09-25,6.55,6.57,6.32,6.35,21076100.0,0,,,,a
2017-09-26,6.35,6.46,6.34,6.41,12529700.0,0,,,,a
2017-09-27,6.42,6.57,6.41,6.53,12788612.0,0,,,,a
2017-09-28,6.42,6.6,6.39,6.46,19916767.0,0,,,,a
2017-09-29,6.45,6.49,6.39,6.43,15961695.0,0,,,,a
2017-10-09,6.51,6.54,6.45,6.53,12704166.0,0,,,,a
2017-10-10,6.52,6.63,6.48,6.56,19760224.0,0,,,,a
2017-10-11,6.55,6.91,6.46,6.63,42249545.0,0,1,,1.0,a
2017-10-12,6.53,6.58,6.48,6.55,18947630.0,0,,,,a
2017-10-13,6.54,6.69,6.52,6.68,22175945.0,0,,,,a
2017-10-16,6.7,6.82,6.57,6.58,30646014.0,0,,,,a
2017-10-17,6.5,6.56,6.35,6.44,24264691.0,0,,,,a
2017-10-18,6.44,6.75,6.39,6.45,25752320.0,0,,,,a
2017-10-19,6.38,6.43,6.22,6.24,23660693.0,0,-1,,,a
2017-10-20,6.25,6.49,6.22,6.48,20525399.0,0,,,,a
2017-10-23,6.5,6.5,6.3,6.34,18538492.0,0,,,-1.0,a
2017-10-24,6.35,6.38,6.3,6.34,9394451.0,0,,,,a
2017-10-25,6.32,6.46,6.32,6.38,12222100.0,0,,,,a
2017-10-26,6.37,6.44,6.34,6.4,11998118.0,0,,,,a
2017-10-27,6.4,6.44,6.36,6.38,12871940.0,0,,,,a
2017-10-30,6.4,6.42,6.18,6.2,15590500.0,0,,,,a
2017-10-31,6.23,6.27,6.13,6.2,13395964.0,0,,,,a
2017-11-01,6.22,6.33,6.21,6.27,13824998.0,0,,,,a
2017-11-02,6.27,6.3,6.14,6.2,10522485.0,0,,,,a
2017-11-03,6.21,6.22,6.12,6.16,10119594.0,0,,,,a
2017-11-06,6.17,6.29,6.17,6.25,13660997.0,0,,,,a
2017-11-07,6.26,6.36,6.22,6.31,12400102.0,0,,,,a
2017-11-08,6.29,6.36,6.26,6.32,11583937.0,0,,,,a
2017-11-09,6.32,6.45,6.29,6.38,16921141.0,0,1,1,,a
2017-11-10,6.38,6.42,6.3,6.3,10634778.0,0,,,1.0,a
2017-11-13,6.3,6.34,6.27,6.31,10602913.0,0,,,,a
2017-11-14,6.3,6.35,6.11,6.12,24094253.0,0,,-1,,a
2017-11-15,6.04,6.04,5.87,5.93,24954170.0,0,-1,,,a
2017-11-16,5.93,5.94,5.73,5.75,16194305.0,0,,,,a
2017-11-17,5.77,5.81,5.58,5.61,17505022.0,0,,,,a
2017-11-20,5.61,5.76,5.59,5.75,11896022.0,0,,,,a
2017-11-21,5.78,5.8,5.68,5.7,8689745.0,0,,,,a
2017-11-22,5.7,5.74,5.65,5.73,8879284.0,0,,,-1.0,a
2017-11-23,5.74,5.78,5.61,5.62,11216088.0,0,,,,a
2017-11-24,5.64,5.69,5.59,5.61,9541156.0,0,,,,a
2017-11-27,5.61,5.63,5.5,5.52,10841259.0,0,,,,a
2017-11-28,5.52,5.58,5.48,5.58,6754743.0,0,,,,a
2017-11-29,5.58,5.83,5.57,5.73,22436874.0,0,,,,a
2017-11-30,5.71,5.76,5.58,5.64,14853417.0,0,,,1.0,a
2017-12-01,5.64,5.75,5.6,5.72,14995384.0,0,,1,,a
2017-12-04,5.8,5.85,5.69,5.73,12959136.0,0,1,,,a
2017-12-05,5.74,5.78,5.5,5.59,13427857.0,0,,,,a
2017-12-06,5.56,5.66,5.52,5.65,8445589.0,0,,,,a
2017-12-07,5.65,5.66,5.58,5.59,8831746.0,0,,,-1.0,a
2017-12-08,5.57,5.62,5.55,5.59,9887601.0,0,-1,,,a
2017-12-11,5.62,5.65,5.58,5.65,12054638.0,0,,,,a
2017-12-12,5.66,5.7,5.62,5.66,10981878.0,0,,,,a
2017-12-13,5.64,5.67,5.59,5.65,8505298.0,0,,,,a
2017-12-14,5.66,5.73,5.63,5.64,16248498.0,0,,,,a
2017-12-15,5.65,5.79,5.58,5.71,26231159.0,0,1,,1.0,a
2017-12-18,5.74,5.76,5.6,5.64,15273989.0,0,,,,a
2017-12-19,5.62,5.73,5.6,5.68,8898569.0,0,,,,a
2017-12-20,5.7,5.72,5.53,5.58,14451824.0,0,,,,a
2017-12-21,5.6,5.6,5.48,5.51,13487869.0,0,-1,,,a
2017-12-22,5.55,5.55,5.49,5.53,11383014.0,0,,,-1.0,a
2017-12-25,5.53,5.55,5.46,5.55,16555227.0,0,,,,a
2017-12-26,5.54,5.55,5.47,5.54,12531364.0,0,,,,a
2017-12-27,5.54,5.59,5.51,5.53,14113173.0,0,,,,a
2017-12-28,5.51,5.57,5.48,5.54,14668915.0,0,,,,a
2017-12-29,5.53,5.56,5.51,5.55,8624676.0,0,,,1.0,a
2018-01-02,5.56,5.65,5.54,5.65,18576965.0,0,,,,a
2018-01-03,5.62,5.72,5.62,5.69,18969177.0,0,1,,,a
2018-01-04,5.68,5.78,5.64,5.75,18446799.0,0,,,,a
2018-01-05,5.75,5.94,5.75,5.83,24907920.0,0,,,,a
2018-01-08,5.84,5.95,5.82,5.91,19351003.0,0,,,,a
2018-01-09,5.86,5.93,5.82,5.86,11482563.0,0,,,,a
2018-01-10,5.86,5.88,5.8,5.88,13257930.0,0,,,,a
2018-01-11,5.85,6.06,5.79,5.94,22119549.0,0,,,,a
2018-01-12,5.9,5.96,5.78,5.81,16830187.0,0,,,-1.0,a
2018-01-15,5.82,5.84,5.7,5.74,13026973.0,0,,,,a
2018-01-16,5.87,6.09,5.86,6.05,54165567.0,0,,,1.0,a
2018-01-17,6.0,6.35,5.94,6.08,58313005.0,0,,,,a
2018-01-18,6.06,6.14,5.96,6.04,23930569.0,0,,,,a
2018-01-19,6.02,6.03,5.89,5.92,21033719.0,0,,,,a
2018-01-22,5.93,5.99,5.87,5.98,11013159.0,0,,,,a
2018-01-23,5.97,6.18,5.93,6.08,36330472.0,0,,,,a
2018-01-24,6.04,6.08,5.92,6.01,18937426.0,0,,,-1.0,a
2018-01-25,5.99,6.07,5.97,6.02,15436751.0,0,,,,a
2018-01-26,6.0,6.14,6.0,6.11,25889138.0,0,,,,a
2018-01-29,6.17,6.56,6.12,6.42,86624193.0,0,,,1.0,a
2018-01-30,6.42,6.6,6.32,6.5,53256295.0,0,,,,a
2018-01-31,6.05,6.23,5.85,5.85,71143558.0,0,,,,a
2018-02-01,5.85,5.94,5.5,5.56,45323830.0,0,,-1,,a
2018-02-02,5.55,5.57,5.25,5.5,28922139.0,0,-1,,,a
2018-02-05,5.45,5.69,5.35,5.56,21992419.0,0,,,,a
2018-02-06,5.4,5.46,5.0,5.01,37269155.0,0,,,,a
2018-02-07,5.17,5.25,4.95,5.08,29030394.0,0,,,-1.0,a
2018-02-08,5.06,5.2,5.05,5.15,13221239.0,0,,,,a
2018-02-09,5.03,5.08,4.8,4.98,24406037.0,0,,,,a
2018-02-12,4.98,5.14,4.98,5.11,10798400.0,0,,,,a
2018-02-13,5.15,5.21,5.09,5.14,12513634.0,0,,,,a
2018-02-14,5.16,5.65,5.12,5.65,33219363.0,0,,,,a
2018-02-22,5.78,6.06,5.64,5.81,49296064.0,0,1,,,a
2018-02-23,5.8,5.8,5.65,5.74,22385176.0,0,,1,1.0,a
2018-02-26,5.86,5.92,5.74,5.8,26407762.0,0,,,,a
2018-02-27,5.79,5.9,5.68,5.89,27198793.0,0,,,,a
2018-02-28,5.86,5.97,5.77,5.84,25502391.0,0,,,,a
2018-03-01,5.78,6.08,5.74,5.96,37818691.0,0,,,,a
2018-03-02,5.89,5.92,5.78,5.89,19574471.0,0,,,,a
2018-03-05,5.84,6.02,5.84,5.92,22096938.0,0,,,-1.0,a
2018-03-06,5.95,5.97,5.83,5.95,18911607.0,0,,,,a
2018-03-07,5.94,6.25,5.89,6.05,46093552.0,0,,,,a
2018-03-08,6.0,6.02,5.93,5.98,19350963.0,0,,,,a
2018-03-09,5.99,6.0,5.92,5.95,18320047.0,0,,,,a
2018-03-12,5.94,5.98,5.87,5.95,23462755.0,0,,,,a
2018-03-13,5.91,6.03,5.86,6.0,31907998.0,0,,,1.0,a
2018-03-14,5.96,6.14,5.96,6.04,34935558.0,0,,,-1.0,a
2018-03-15,6.0,6.06,5.87,5.93,21892891.0,0,,,1.0,a
2018-03-16,5.93,5.95,5.84,5.85,14186415.0,0,-1,,,a
2018-03-19,5.82,5.82,5.32,5.43,44394897.0,0,,-1,,a
2018-03-20,5.34,5.52,5.33,5.52,14332994.0,0,,,-1.0,a
2018-03-21,5.52,5.77,5.5,5.58,22827954.0,0,,,,a
2018-03-22,5.61,5.68,5.59,5.62,13807025.0,0,,,,a
2018-03-23,5.39,5.74,5.31,5.51,34508417.0,0,,,1.0,a
2018-03-26,5.35,5.62,5.33,5.57,21211275.0,0,,,-1.0,a
2018-03-27,5.6,5.82,5.59,5.74,29238125.0,0,,,,a
2018-03-28,5.69,6.04,5.63,5.9,45988734.0,0,1,,1.0,a
2018-03-29,5.9,6.04,5.84,5.96,23927044.0,0,,1,,a
2018-03-30,5.99,6.24,5.96,6.22,63172814.0,0,,,,a
2018-04-02,6.23,6.35,6.1,6.18,51287893.0,0,,,,a
2018-04-03,6.08,6.34,6.02,6.21,54755425.0,0,,,,a
2018-04-04,6.32,6.38,6.13,6.33,96522184.0,0,,,,a
2018-04-09,6.54,6.66,6.17,6.43,107850024.0,0,,,,a
2018-04-10,6.38,6.43,5.79,5.79,127594993.0,0,,,,a
2018-04-11,5.76,5.99,5.76,5.93,71294623.0,0,,,,a
2018-04-12,6.0,6.2,5.95,6.08,70205273.0,0,,,,a
2018-04-13,6.1,6.23,6.03,6.18,60823446.0,0,-1,,,a
2018-04-16,6.8,6.8,6.8,6.8,23533444.0,0,,,-1.0,a
2018-04-17,6.86,7.14,6.28,6.43,270405855.0,0,1,,1.0,a
2018-04-18,6.1,6.19,5.79,5.95,131648094.0,0,,,,a
2018-04-19,5.9,6.46,5.9,6.34,135686416.0,0,,,,a
2018-04-20,6.12,6.17,5.88,5.89,93537113.0,0,,-1,,a
2018-04-23,5.91,5.96,5.6,5.67,60857150.0,0,-1,,,a
2018-04-24,5.69,5.82,5.66,5.72,42645513.0,0,,,-1.0,a
2018-04-25,5.68,5.79,5.52,5.66,50074955.0,0,,,,a
2018-04-26,5.66,5.66,5.4,5.43,48063433.0,0,,,,a
2018-04-27,5.45,5.55,5.37,5.42,31142943.0,0,,,,a
2018-05-02,5.35,5.39,5.23,5.29,34591117.0,0,,,,a
2018-05-03,5.3,5.52,5.3,5.46,41920447.0,0,,,,a
2018-05-04,5.45,5.45,5.35,5.4,22477600.0,0,,,,a
2018-05-07,5.41,5.48,5.4,5.46,22819300.0,0,,,,a
2018-05-08,5.46,5.71,5.42,5.65,51800082.0,0,,,,a
2018-05-09,5.58,5.76,5.54,5.58,47364611.0,0,1,,,a
2018-05-10,5.57,5.79,5.57,5.68,49122160.0,0,,,,a
2018-05-11,5.65,5.66,5.52,5.57,28810426.0,0,,,1.0,a
2018-05-14,5.55,5.61,5.35,5.4,32712591.0,0,,,,a
2018-05-15,5.42,5.58,5.42,5.57,26674084.0,0,,,,a
2018-05-16,5.59,5.77,5.52,5.62,50377712.0,0,,1,,a
2018-05-17,5.65,5.74,5.58,5.59,33747142.0,0,-1,,-1.0,a
2018-05-18,5.59,5.76,5.59,5.72,45736207.0,0,,,,a
2018-05-21,5.9,6.29,5.85,6.22,145293533.0,0,1,,1.0,a
2018-05-22,6.1,6.14,5.95,6.02,90197093.0,0,,,,a
2018-05-23,5.93,6.62,5.93,6.62,210417856.0,0,,,,a
2018-11-08,5.96,5.96,5.96,5.96,4256100.0,0,,,,a
2018-11-09,5.36,5.36,5.36,5.36,13076600.0,0,,,,a
2018-11-12,4.82,5.12,4.82,5.01,222839800.0,0,,-1,,a
2018-11-13,4.87,5.09,4.82,5.04,124693451.0,0,-1,,,a
2018-11-14,5.05,5.29,5.02,5.11,97964700.0,0,,,-1.0,a
2018-11-15,5.23,5.3,5.11,5.17,74490268.0,0,,,1.0,a
2018-11-16,5.15,5.18,5.03,5.14,67747800.0,0,,,,a
2018-11-19,5.1,5.18,5.06,5.16,52332433.0,0,,,-1.0,a
2018-11-20,5.1,5.14,5.01,5.04,46003959.0,0,,,,a
2018-11-21,4.97,5.1,4.94,5.07,34419400.0,0,,,,a
2018-11-22,5.07,5.08,5.02,5.03,27185400.0,0,,,,a
2018-11-23,5.04,5.04,4.8,4.82,47840855.0,0,,,,a
2018-11-26,4.83,4.89,4.8,4.87,27462700.0,0,,,,a
2018-11-27,4.88,4.9,4.83,4.89,22472992.0,0,,,,a
2018-11-28,4.86,5.15,4.81,5.06,52634565.0,0,,,,a
2018-11-29,5.05,5.05,4.86,4.87,39432317.0,0,,,,a
2018-11-30,4.84,4.91,4.82,4.91,22442518.0,0,,,,a
2018-12-03,5.0,5.04,4.95,5.01,39308142.0,0,,,,a
2018-12-04,4.97,5.02,4.96,5.0,24293501.0,0,1,1,1.0,a
2018-12-05,4.92,5.16,4.88,5.01,53892074.0,0,,,,a
2018-12-06,4.97,5.08,4.93,4.97,38492262.0,0,,,-1.0,a
2018-12-07,4.98,5.01,4.92,4.97,19701803.0,0,,,1.0,a
2018-12-10,4.95,4.97,4.88,4.91,19060706.0,0,,,-1.0,a
2018-12-11,4.93,4.94,4.9,4.93,14865153.0,0,-1,,,a
2018-12-12,4.94,4.96,4.9,4.93,13378939.0,0,,,,a
2018-12-13,4.92,4.96,4.89,4.93,20036981.0,0,,,,a
2018-12-14,4.91,4.96,4.83,4.88,23102428.0,0,,,,a
2018-12-17,4.86,4.86,4.73,4.8,20907427.0,0,,,,a
2018-12-18,4.78,4.83,4.74,4.78,14705137.0,0,,,,a
2018-12-19,4.76,4.85,4.74,4.84,19268316.0,0,,,,a
2018-12-20,4.83,4.83,4.76,4.79,9702487.0,0,,,1.0,a
2018-12-21,4.8,4.8,4.69,4.71,15382784.0,0,,,-1.0,a
2018-12-24,4.76,4.86,4.75,4.85,30793546.0,0,,,,a
2018-12-25,4.76,4.8,4.52,4.68,27729782.0,0,,,1.0,a
2018-12-26,4.65,4.7,4.58,4.59,16400794.0,0,,-1,,a
2018-12-27,4.65,4.67,4.4,4.42,22242322.0,0,,,,a
2018-12-28,4.45,4.59,4.43,4.49,21950387.0,0,,,,a
2019-01-02,4.55,4.59,4.47,4.49,16146022.0,0,,,,a
2019-01-03,4.52,4.54,4.42,4.43,16281347.0,0,,,-1.0,a
2019-01-04,4.41,4.6,4.37,4.57,28793129.0,0,,,1.0,a
2019-01-07,4.57,4.62,4.54,4.59,24201349.0,0,,,-1.0,a
2019-01-08,4.58,4.58,4.52,4.53,17372710.0,0,,1,,a
2019-01-09,4.55,4.61,4.53,4.54,20229285.0,0,,,1.0,a
2019-01-10,4.53,4.55,4.47,4.48,16299801.0,0,1,,,a
2019-01-11,4.5,4.52,4.44,4.51,12628334.0,0,,,-1.0,a
2019-01-14,4.5,4.51,4.42,4.44,15457297.0,0,-1,,,a
2019-01-15,4.45,4.52,4.44,4.5,18089580.0,0,,,,a
2019-01-16,4.49,4.6,4.48,4.58,31619556.0,0,,,,a
2019-01-17,4.56,4.59,4.52,4.53,14899241.0,0,,,,a
2019-01-18,4.57,4.6,4.53,4.59,16328867.0,0,,,1.0,a
2019-01-21,5.05,5.05,4.82,4.83,74370270.0,0,1,,,a
2019-01-22,4.82,5.04,4.82,4.89,51131757.0,0,,,,a
2019-01-23,4.8,4.86,4.73,4.77,28941750.0,0,,,,a
2019-01-24,4.88,4.93,4.8,4.84,30417514.0,0,,,,a
2019-01-25,4.76,4.86,4.74,4.82,25776102.0,0,,,,a
2019-01-28,4.86,4.98,4.81,4.83,36737426.0,0,,,,a
2019-01-29,4.8,4.8,4.65,4.72,26626938.0,0,,,-1.0,a
2019-01-30,4.68,4.75,4.56,4.57,19749568.0,0,,,,a
2019-01-31,4.59,4.62,4.45,4.48,20169229.0,0,-1,,,a
2019-02-01,4.5,4.56,4.48,4.55,18158738.0,0,,-1,,a
2019-02-11,4.56,4.65,4.51,4.64,21486014.0,0,,,,a
2019-02-12,4.63,4.79,4.61,4.75,31938527.0,0,,1,,a
2019-02-13,4.75,4.84,4.69,4.82,37972683.0,0,,,,a
2019-02-14,4.8,4.93,4.78,4.79,38340408.0,0,1,,1.0,a
2019-02-15,4.79,4.88,4.75,4.82,35280220.0,0,,,,a
2019-02-18,4.85,4.93,4.81,4.92,46155869.0,0,,,,a
2019-02-19,4.97,5.19,4.96,5.06,77253670.0,0,,,,a
2019-02-20,5.16,5.21,5.02,5.14,67311205.0,0,,,,a
2019-02-21,5.07,5.1,5.0,5.01,48266090.0,0,,,,a
2019-02-22,5.01,5.06,4.94,5.06,34586054.0,0,,,,a
2019-02-25,5.15,5.36,5.09,5.33,89589481.0,0,,,,a
2019-02-26,5.28,5.57,5.18,5.41,89368135.0,0,,,,a
2019-02-27,5.44,5.45,5.26,5.31,67729244.0,0,,,,a
2019-02-28,5.4,5.4,5.25,5.31,39788616.0,0,,,,a
2019-03-01,5.34,5.37,5.24,5.32,38783026.0,0,,,,a
2019-03-04,5.33,5.46,5.29,5.37,73727904.0,0,,,-1.0,a
2019-03-05,5.31,5.42,5.3,5.41,56600183.0,0,,,,a
2019-03-06,5.4,5.59,5.34,5.56,86277453.0,0,,,,a
2019-03-07,5.51,5.57,5.46,5.53,74895434.0,0,,,1.0,a
2019-03-08,5.43,5.74,5.3,5.42,97882469.0,0,,,,a
2019-03-11,5.48,5.6,5.46,5.56,70412860.0,0,,,,a
2019-03-12,5.63,5.78,5.56,5.67,81213181.0,0,,,,a
2019-03-13,5.67,5.67,5.45,5.54,54175093.0,0,,,,a
2019-03-14,5.47,5.53,5.28,5.37,39395975.0,0,,-1,,a
2019-03-15,5.39,5.48,5.37,5.44,37231356.0,0,,,-1.0,a
2019-03-18,5.46,5.55,5.38,5.54,46557456.0,0,,,,a
2019-03-19,5.52,5.58,5.47,5.56,41058727.0,0,-1,,,a
2019-03-20,5.51,5.81,5.5,5.67,72990261.0,0,,,,a
2019-03-21,5.7,5.88,5.63,5.7,63582482.0,0,1,,,a
2019-03-22,5.65,5.85,5.65,5.82,58387687.0,0,,1,1.0,a
2019-03-25,5.7,5.96,5.67,5.84,62685795.0,0,,,,a
2019-03-26,5.87,5.91,5.54,5.57,52255672.0,0,,-1,,a
2019-03-27,5.6,5.64,5.38,5.62,32773818.0,0,,,,a
2019-03-28,5.58,5.71,5.47,5.49,34257040.0,0,,,-1.0,a
2019-03-29,5.49,5.57,5.38,5.57,38482974.0,0,-1,,,a
2019-04-01,5.58,5.73,5.56,5.7,47336368.0,0,,,,a
2019-04-02,5.69,5.74,5.61,5.73,51059495.0,0,,,,a
2019-04-03,5.7,5.83,5.67,5.77,46711029.0,0,,,,a
2019-04-04,5.76,5.89,5.74,5.81,49570663.0,0,1,,,a
2019-04-08,5.84,6.08,5.82,5.91,79000399.0,0,,1,1.0,a
2019-04-09,5.85,6.05,5.77,5.95,67539277.0,0,,,,a
2019-04-10,5.9,5.95,5.81,5.86,45011573.0,0,,,,a
2019-04-11,5.9,5.93,5.82,5.86,30752358.0,0,,,,a
2019-04-12,5.88,5.9,5.71,5.83,33247541.0,0,,-1,,a
2019-04-15,5.88,5.96,5.77,5.79,44195200.0,0,,,-1.0,a
2019-04-16,5.79,5.81,5.62,5.79,42247541.0,0,-1,,,a
2019-04-17,5.8,5.83,5.75,5.76,29139737.0,0,,,,a
2019-04-18,5.76,5.81,5.69,5.73,25289653.0,0,,,,a
2019-04-19,5.75,5.76,5.66,5.72,22755414.0,0,,,,a
2019-04-22,5.75,5.81,5.69,5.76,29446279.0,0,,,,a
2019-04-23,5.72,5.73,5.53,5.56,30263546.0,0,,,,a
2019-04-24,5.58,5.82,5.46,5.78,43173806.0,0,,,,a
2019-04-25,5.71,5.71,5.44,5.45,28163894.0,0,,,,a
2019-04-26,5.45,5.45,5.27,5.28,24765914.0,0,,,,a
2019-04-29,5.28,5.32,5.02,5.04,27089788.0,0,,,1.0,a
2019-04-30,5.07,5.24,5.07,5.19,18480423.0,0,,,,a
2019-05-06,5.09,5.18,4.75,4.86,27405589.0,0,,,-1.0,a
2019-05-07,4.92,5.02,4.87,5.02,16066059.0,0,,,,a
2019-05-08,4.93,5.16,4.89,5.04,21009749.0,0,,,,a
2019-05-09,5.03,5.1,4.97,5.05,14151762.0,0,,,,a
2019-05-10,5.11,5.17,4.86,5.12,23520169.0,0,,,,a
2019-05-13,5.1,5.42,5.07,5.27,36627797.0,0,,,,a
2019-05-14,5.15,5.23,5.04,5.08,28850141.0,0,1,,1.0,a
2019-05-15,5.1,5.16,5.07,5.12,18184889.0,0,,,,a
2019-05-16,5.26,5.35,5.22,5.3,38015480.0,0,,,,a
2019-05-17,5.29,5.44,5.19,5.2,50475053.0,0,,1,,a
2019-05-20,5.32,5.38,5.16,5.27,31988779.0,0,,,,a
2019-05-21,5.25,5.36,5.22,5.35,28418290.0,0,,,,a
2019-05-22,5.32,5.75,5.16,5.54,61742013.0,0,,,,a
2019-05-23,5.4,5.42,5.18,5.18,38711028.0,0,,,,a
2019-05-24,5.13,5.18,5.01,5.06,23998899.0,0,,,,a
2019-05-27,5.07,5.18,4.99,5.16,23881539.0,0,,,,a
2019-05-28,5.13,5.23,5.12,5.15,20534498.0,0,-1,,,a
2019-05-29,5.16,5.21,5.12,5.18,19366203.0,0,,,-1.0,a
2019-05-30,5.16,5.28,5.14,5.23,23619276.0,0,,,,a
2019-05-31,5.22,5.23,5.12,5.16,16836800.0,0,,,,a
2019-06-03,5.28,5.38,5.19,5.28,38113118.0,0,,,,a
2019-06-04,5.24,5.26,5.1,5.11,20012304.0,0,,,,a
2019-06-05,5.16,5.31,5.12,5.25,25262210.0,0,1,,,a
2019-06-06,5.22,5.32,5.13,5.27,24391774.0,0,,,1.0,a
2019-06-10,5.29,5.34,5.21,5.31,21076700.0,0,,,,a
2019-06-11,5.29,5.45,5.27,5.44,32177816.0,0,,,,a
2019-06-12,5.41,5.57,5.34,5.51,44635324.0,0,,,,a
2019-06-13,5.46,5.49,5.38,5.43,24685067.0,0,,,,a
2019-06-14,5.42,5.48,5.24,5.27,27774890.0,0,,,,a
2019-06-17,5.24,5.35,5.22,5.28,19801557.0,0,,,,a
2019-06-18,5.26,5.35,5.26,5.33,13595769.0,0,,,,a
2019-06-19,5.39,5.43,5.3,5.31,21842362.0,0,-1,,-1.0,a
2019-06-20,5.3,5.37,5.28,5.36,21212902.0,0,,,,a
2019-06-21,5.35,5.48,5.35,5.39,26294621.0,0,,,,a
2019-06-24,5.37,5.38,5.3,5.35,18721062.0,0,,,,a
2019-06-25,5.35,5.35,5.21,5.25,16755532.0,0,,,,a
2019-06-26,5.26,5.27,5.15,5.16,12084243.0,0,,-1,,a
2019-06-27,5.19,5.23,5.17,5.19,12606961.0,0,,,,a
2019-06-28,5.18,5.19,5.08,5.15,12481033.0,0,,,,a
2019-07-01,5.22,5.25,5.17,5.23,16531707.0,0,,,,a
2019-07-02,5.23,5.27,5.2,5.24,17195577.0,0,,,,a
2019-07-03,5.22,5.23,5.15,5.17,11650842.0,0,,,,a
2019-07-04,5.16,5.21,5.12,5.15,10486551.0,0,,,,a
2019-07-05,5.13,5.16,5.09,5.13,10540144.0,0,,,,a
2019-07-08,5.13,5.13,4.91,4.92,18840669.0,0,,,,a
2019-07-09,4.91,4.99,4.9,4.97,12771905.0,0,,,,a
2019-07-10,4.99,5.1,4.99,5.02,13815785.0,0,,,,a
2019-07-11,5.03,5.07,4.95,4.95,13555212.0,0,,,1.0,a
2019-07-12,4.99,5.03,4.94,4.98,9526236.0,0,,,,a
2019-07-15,4.96,5.08,4.93,5.04,11749202.0,0,,,-1.0,a
2019-07-16,5.03,5.1,5.02,5.06,7978900.0,0,,,,a
2019-07-17,5.08,5.09,5.04,5.04,8057700.0,0,,,,a
2019-07-18,5.07,5.08,5.02,5.02,6851401.0,0,1,,,a
2019-07-19,5.04,5.09,5.02,5.02,8583701.0,0,,,,a
2019-07-22,5.05,5.05,4.91,4.95,9448663.0,0,,,,a
2019-07-23,4.91,5.0,4.91,4.98,6904824.0,0,-1,,,a
2019-07-24,4.99,5.08,4.98,5.03,7754304.0,0,,1,,a
2019-07-25,5.02,5.12,5.01,5.08,13320894.0,0,,,1.0,a
2019-07-26,5.06,5.07,4.98,4.99,11671909.0,0,,,,a
2019-07-29,4.96,5.01,4.95,4.97,7125504.0,0,,,,a
2019-07-30,4.98,5.05,4.97,5.01,6158801.0,0,1,,,a
2019-07-31,5.04,5.05,4.96,5.02,8993417.0,0,,,,a
2019-08-01,4.99,5.03,4.97,5.0,9418528.0,0,-1,,-1.0,a
2019-08-02,4.91,5.11,4.88,5.0,19530200.0,0,,,1.0,a
2019-08-05,4.95,4.98,4.89,4.98,20415744.0,0,,,,a
2019-08-06,4.9,4.94,4.76,4.88,30488897.0,0,,,,a
2019-08-07,4.9,4.95,4.87,4.89,25590942.0,0,,-1,,a
2019-08-08,4.9,4.92,4.85,4.87,14358700.0,0,,,,a
2019-08-09,4.9,4.91,4.69,4.69,18572700.0,0,,,,a
2019-08-12,4.74,4.77,4.69,4.75,11079200.0,0,,,,a
2019-08-13,4.71,4.72,4.58,4.62,21227000.0,0,,,,a
2019-08-14,4.68,4.68,4.56,4.58,15310500.0,0,,,-1.0,a
2019-08-15,4.47,4.56,4.45,4.54,14506100.0,0,,,,a
2019-08-16,4.55,4.57,4.49,4.5,15132500.0,0,,,,a
2019-08-19,4.54,4.61,4.51,4.6,20831900.0,0,,,,a
2019-08-20,4.59,4.63,4.57,4.59,14894400.0,0,,,,a
2019-08-21,4.58,4.65,4.57,4.63,17670900.0,0,,,1.0,a
2019-08-22,4.63,4.63,4.57,4.6,10962400.0,0,,,-1.0,a
2019-08-23,4.61,4.61,4.56,4.58,8602200.0,0,1,,,a
2019-08-26,4.48,4.52,4.46,4.5,13289700.0,0,,,,a
2019-08-27,4.54,4.61,4.52,4.57,16210500.0,0,,,,a
2019-08-28,4.58,4.77,4.57,4.68,32081500.0,0,,1,,a
2019-08-29,4.65,4.66,4.58,4.59,18325300.0,0,,,1.0,a
2019-08-30,4.6,4.63,4.55,4.57,14152100.0,0,-1,,,a
2019-09-02,4.58,4.64,4.56,4.63,15645100.0,0,1,,,a
2019-09-03,4.63,4.71,4.62,4.67,23869100.0,0,,,,a
2019-09-04,4.65,4.75,4.64,4.75,22410100.0,0,,,,a
2019-09-05,4.75,4.82,4.74,4.76,26875300.0,0,,,,a
2019-09-06,4.77,4.79,4.72,4.75,14636200.0,0,,,,a
2019-09-09,4.79,4.79,4.73,4.78,16476400.0,0,,,,a
2019-09-10,4.79,4.83,4.76,4.83,18961800.0,0,,,-1.0,a
2019-09-11,4.84,4.85,4.78,4.8,17118300.0,0,,,,a
2019-09-12,4.81,4.82,4.75,4.8,10690500.0,0,,,,a
2019-09-16,4.81,4.86,4.79,4.82,20239900.0,0,,,,a
2019-09-17,4.84,4.85,4.69,4.71,16202300.0,0,,,,a
2019-09-18,4.73,4.76,4.69,4.71,12422800.0,0,-1,,,a
2019-09-19,4.74,4.75,4.69,4.72,9370700.0,0,,,,a
2019-09-20,4.72,4.72,4.68,4.69,10359000.0,0,,,,a
2019-09-23,4.69,4.69,4.59,4.63,12305100.0,0,,,,a
2019-09-24,4.62,4.67,4.61,4.62,9528500.0,0,,-1,,a
2019-09-25,4.64,4.64,4.55,4.55,11654900.0,0,,,,a
2019-09-26,4.59,4.59,4.5,4.5,12518100.0,0,,,,a
2019-09-27,4.51,4.55,4.47,4.51,9508600.0,0,,,,a
2019-09-30,4.5,4.53,4.47,4.49,8670700.0,0,,,,a
2019-10-08,4.49,4.52,4.48,4.49,7410400.0,0,,,,a
2019-10-09,4.49,4.54,4.47,4.54,7284700.0,0,,,,a
2019-10-10,4.54,4.55,4.51,4.54,8320300.0,0,,,,a
2019-10-11,4.53,4.56,4.51,4.55,8376100.0,0,,,,a
2019-10-14,4.61,4.62,4.57,4.59,12889700.0,0,1,,,a
2019-10-15,4.59,4.63,4.56,4.61,10356400.0,0,,1,,a
2019-10-16,4.61,4.64,4.58,4.58,8178200.0,0,,,1.0,a
2019-10-17,4.56,4.6,4.55,4.56,6120000.0,0,,,,a
2019-10-18,4.55,4.6,4.48,4.5,9270000.0,0,,,,a
2019-10-21,4.49,4.54,4.48,4.52,8312100.0,0,,,-1.0,a
2019-10-22,4.54,4.74,4.53,4.64,24762300.0,0,-1,,1.0,a
2019-10-23,5.1,5.1,4.82,4.84,71014900.0,0,1,,,a
2019-10-24,4.73,4.77,4.66,4.68,35464600.0,0,,,,a
2019-10-25,4.69,4.89,4.68,4.85,38179600.0,0,,,,a
2019-10-28,4.83,4.86,4.76,4.81,22783900.0,0,,,,a
2019-10-29,4.72,4.76,4.68,4.71,22895600.0,0,,,,a
2019-10-30,4.69,4.74,4.67,4.73,17955800.0,0,,,,a
2019-10-31,4.72,4.73,4.58,4.59,18016600.0,0,,,-1.0,a
2019-11-01,4.58,4.61,4.51,4.6,12759000.0,0,-1,,,a
2019-11-04,4.61,4.63,4.52,4.54,21130200.0,0,,-1,,a
2019-11-05,4.57,4.68,4.56,4.65,23210700.0,0,,,,a
2019-11-06,4.62,4.62,4.54,4.56,15187200.0,0,,,,a
2019-11-07,4.58,4.6,4.55,4.56,7871700.0,0,,,,a
2019-11-08,4.59,4.65,4.54,4.57,20412300.0,0,,,,a
2019-11-11,4.55,4.55,4.38,4.41,19306500.0,0,,,,a
2019-11-12,4.42,4.61,4.38,4.61,27341900.0,0,,,,a
2019-11-13,4.61,4.66,4.57,4.6,25886000.0,0,,,1.0,a
2019-11-14,4.6,4.64,4.58,4.63,13794200.0,0,,,,a
2019-11-15,4.63,4.63,4.54,4.55,10542000.0,0,,,,a
2019-11-18,4.54,4.6,4.51,4.59,10444200.0,0,1,,,a
2019-11-19,4.58,4.63,4.56,4.61,11927000.0,0,,1,-1.0,a
2019-11-20,4.62,4.8,4.61,4.76,45012100.0,0,,,,a
2019-11-21,4.75,4.77,4.71,4.73,21866100.0,0,,,,a
2019-11-22,4.79,4.8,4.64,4.67,24082500.0,0,,,1.0,a
2019-11-25,4.71,4.83,4.71,4.78,32171300.0,0,,,,a
2019-11-26,4.77,4.79,4.69,4.73,15016900.0,0,,,,a
2019-11-27,4.77,4.8,4.7,4.71,14470300.0,0,,,,a
2019-11-28,4.61,4.69,4.61,4.64,13956800.0,0,,,-1.0,a
2019-11-29,4.62,4.62,4.56,4.59,11171700.0,0,,,,a
2019-12-02,4.6,4.66,4.58,4.59,10686000.0,0,-1,-1,,a
2019-12-03,4.57,4.58,4.49,4.58,13576900.0,0,,,,a
2019-12-04,4.54,4.64,4.52,4.62,11657500.0,0,,,,a
2019-12-05,4.63,4.92,4.59,4.83,46908800.0,0,,1,,a
2019-12-06,4.8,4.87,4.79,4.85,40528600.0,0,1,,1.0,a
2019-12-09,4.86,4.88,4.77,4.82,28541700.0,0,,,,a
2019-12-10,4.81,4.83,4.76,4.78,23109900.0,0,,,,a
2019-12-11,4.78,4.8,4.73,4.76,17634700.0,0,,,,a
2019-12-12,4.76,4.81,4.72,4.77,20225100.0,0,,,,a
2019-12-13,4.81,4.85,4.76,4.78,24044500.0,0,,,-1.0,a
2019-12-16,4.78,4.83,4.75,4.82,27348500.0,0,,,,a
2019-12-17,4.83,4.88,4.8,4.86,38495800.0,0,,,,a
2019-12-18,4.84,4.86,4.79,4.81,22510800.0,0,-1,,,a
2019-12-19,4.78,4.79,4.73,4.77,28937800.0,0,1,,1.0,a
2019-12-20,4.77,4.92,4.76,4.87,50332000.0,0,,,,a
2019-12-23,4.86,4.89,4.73,4.74,26940300.0,0,,-1,,a
2019-12-24,4.74,4.97,4.71,4.91,41166600.0,0,,1,,a
2019-12-25,4.91,4.92,4.8,4.86,22644300.0,0,,,,a
2019-12-26,4.83,4.9,4.81,4.85,17695700.0,0,,,,a
2019-12-27,4.86,4.94,4.84,4.88,26732400.0,0,,,-1.0,a
2019-12-30,4.85,4.96,4.84,4.95,24222800.0,0,,,,a
2019-12-31,4.96,4.98,4.9,4.92,16726200.0,0,,,,a
2020-01-02,4.96,5.02,4.92,4.99,29171300.0,0,,,,a
2020-01-03,5.01,5.14,4.99,5.11,39129100.0,0,,,,a
2020-01-06,5.1,5.2,5.05,5.16,39676300.0,0,,,1.0,a
2020-01-07,5.14,5.2,5.11,5.15,25316000.0,0,,,,a
2020-01-08,5.15,5.15,4.97,5.01,34911600.0,0,,,,a
2020-01-09,5.06,5.11,5.0,5.04,24968200.0,0,,,,a
2020-01-10,5.04,5.13,5.0,5.1,21455600.0,0,,,,a
2020-01-13,5.09,5.11,4.99,5.06,26391600.0,0,,,-1.0,a
2020-01-14,5.02,5.1,5.02,5.05,18296500.0,0,-1,,,a
2020-01-15,5.02,5.04,4.98,5.03,19460800.0,0,,-1,,a
2020-01-16,5.03,5.07,4.99,5.01,13726800.0,0,,,,a
2020-01-17,5.02,5.06,4.99,4.99,13477000.0,0,,,,a
2020-01-20,4.99,5.21,4.99,5.14,50364200.0,0,,,,a
2020-01-21,5.14,5.2,5.08,5.13,27078200.0,0,1,,,a
2020-01-22,5.09,5.1,4.87,5.0,40205500.0,0,-1,,1.0,a
2020-01-23,4.95,4.98,4.66,4.78,30350700.0,0,,,,a
2020-02-03,4.3,4.3,4.3,4.3,5711500.0,0,,,,a
2020-02-04,3.87,4.15,3.87,4.08,42530300.0,0,,,,a
2020-02-05,4.12,4.26,4.09,4.15,26855500.0,0,,,,a
2020-02-06,4.19,4.23,4.12,4.21,28863800.0,0,,,-1.0,a
2020-02-07,4.18,4.18,4.09,4.15,24364100.0,0,,,,a
2020-02-10,4.13,4.52,4.1,4.46,50572800.0,0,,,1.0,a
2020-02-11,4.47,4.47,4.3,4.34,30795300.0,0,,,,a
2020-02-12,4.33,4.39,4.3,4.36,23242900.0,0,,,,a
2020-02-13,4.35,4.43,4.29,4.29,29202200.0,0,1,,,a
2020-02-14,4.27,4.32,4.24,4.26,17358000.0,0,,,,a
2020-02-17,4.26,4.43,4.26,4.41,35610700.0,0,,,-1.0,a
2020-02-18,4.4,4.46,4.38,4.43,27109300.0,0,,,,a
2020-02-19,4.42,4.46,4.39,4.42,21940300.0,0,,1,,a
2020-02-20,4.59,4.64,4.51,4.6,53711800.0,0,,,,a
2020-02-21,4.56,4.64,4.51,4.6,38303600.0,0,,,1.0,a
2020-02-24,4.53,4.68,4.47,4.64,41767200.0,0,,,,a
2020-02-25,4.5,4.58,4.44,4.56,27773600.0,0,,,,a
2020-02-26,4.51,4.63,4.51,4.52,26994800.0,0,,,,a
2020-02-27,4.53,4.55,4.46,4.47,21247700.0,0,,,,a
2020-02-28,4.35,4.39,4.16,4.19,30172300.0,0,-1,,-1.0,a
2020-03-02,4.21,4.32,4.21,4.3,23560900.0,0,,,,a
2020-03-03,4.34,4.38,4.29,4.32,23571400.0,0,,-1,,a
2020-03-04,4.3,4.35,4.26,4.35,14744500.0,0,,1,,a
2020-03-05,4.37,4.51,4.36,4.46,30664000.0,0,,,,a
2020-03-06,4.41,4.49,4.38,4.46,21427500.0,0,,,,a
2020-03-09,4.38,4.62,4.35,4.45,50722700.0,0,,,1.0,a
2020-03-10,4.35,4.55,4.26,4.55,41130600.0,0,1,,,a
2020-03-11,4.54,5.01,4.49,5.01,161629300.0,0,,,,a
2020-03-12,4.8,4.94,4.69,4.76,93409900.0,0,,,,a
2020-03-13,4.52,5.24,4.51,5.24,127961900.0,0,,,,a
2020-03-16,5.49,5.74,5.16,5.18,193377000.0,0,,,,a
2020-03-17,5.15,5.4,4.96,5.1,123819100.0,0,,,,a
2020-03-18,5.09,5.12,4.69,4.69,105921700.0,0,,,,a
2020-03-19,4.7,4.73,4.5,4.65,69756200.0,0,,,,a
2020-03-20,4.67,5.04,4.61,4.85,77470000.0,0,,,,a
2020-03-23,4.67,5.08,4.62,4.93,80462900.0,0,-1,,-1.0,a
2020-03-24,4.96,5.03,4.7,4.89,55994100.0,0,,,,a
2020-03-25,5.0,5.08,4.87,5.04,61551800.0,0,,,,a
2020-03-26,4.99,5.54,4.96,5.37,131589700.0,0,1,,,a
2020-03-27,5.33,5.47,5.19,5.2,88241300.0,0,,,,a
2020-03-30,5.25,5.35,5.06,5.08,67023300.0,0,,,,a
2020-03-31,5.14,5.4,5.07,5.34,75967000.0,0,,,1.0,a
2020-04-01,5.28,5.43,5.12,5.33,71631100.0,0,,,,a
2020-04-02,5.3,5.65,5.3,5.42,74451000.0,0,,,-1.0,a
2020-04-03,5.41,5.7,5.35,5.59,92393900.0,0,,,,a
2020-04-07,5.6,5.79,5.52,5.65,94532100.0,0,,,1.0,a
2020-04-08,5.55,5.61,5.33,5.42,83756000.0,0,,,-1.0,a
2020-04-09,5.37,5.44,5.25,5.37,59195900.0,0,,,,a
2020-04-10,5.49,5.56,5.2,5.39,65461200.0,0,,,1.0,a
2020-04-13,5.25,5.39,5.0,5.05,55427500.0,0,,-1,-1.0,a
2020-04-14,5.09,5.11,4.95,5.09,31226800.0,0,-1,,,a
2020-04-15,5.1,5.24,4.95,5.13,49321500.0,0,,,,a
2020-04-16,5.07,5.15,5.0,5.03,33551400.0,0,,,,a
2020-04-17,5.05,5.1,5.0,5.05,32081800.0,0,,,,a
2020-04-20,5.07,5.25,5.07,5.16,40260600.0,0,,,,a
2020-04-21,5.14,5.15,5.01,5.06,27158400.0,0,,,,a
2020-04-22,5.03,5.31,5.0,5.26,51055000.0,0,,,,a
2020-04-23,5.29,5.42,5.21,5.26,48890000.0,0,1,,,a
2020-04-24,5.26,5.38,5.22,5.27,36444700.0,0,,,1.0,a
2020-04-27,5.35,5.36,5.06,5.12,42634400.0,0,,,,a
2020-04-28,5.13,5.15,4.78,4.98,41790500.0,0,,,,a
2020-04-29,4.87,5.0,4.85,4.97,22417400.0,0,,,,a
2020-04-30,4.96,5.09,4.95,5.05,23233800.0,0,-1,,-1.0,a
2020-05-06,4.99,5.17,4.91,5.15,30125000.0,0,,,,a
2020-05-07,5.15,5.23,5.11,5.17,28049600.0,0,,,,a
2020-05-08,5.17,5.25,5.13,5.17,23885300.0,0,,,,a
2020-05-11,5.2,5.22,5.06,5.1,21763600.0,0,1,,,a
2020-05-12,5.08,5.12,4.99,5.06,18140000.0,0,,,,a
2020-05-13,5.06,5.3,5.01,5.23,49565700.0,0,,,,a
2020-05-14,5.23,5.29,5.05,5.07,32711900.0,0,,,1.0,a
2020-05-15,5.07,5.13,5.05,5.08,25250600.0,0,,,,a
2020-05-18,5.08,5.2,5.06,5.17,35350500.0,0,-1,,,a
2020-05-19,5.2,5.21,5.15,5.16,24833600.0,0,1,,,a
2020-05-20,5.16,5.39,5.12,5.37,68281400.0,0,,1,,a
2020-05-21,5.33,5.51,5.18,5.23,42587700.0,0,,,,a
2020-05-22,5.2,5.37,5.14,5.3,44819800.0,0,,,,a
2020-05-25,5.28,5.34,5.1,5.19,31669300.0,0,,,,a
2020-05-26,5.18,5.42,5.12,5.41,51359300.0,0,,,,a
2020-05-27,5.38,5.62,5.35,5.51,71592500.0,0,,,,a
2020-05-28,5.54,5.54,5.34,5.42,38812500.0,0,,,,a
2020-05-29,5.38,5.66,5.38,5.61,67672600.0,0,,,,a
2020-06-01,5.63,5.88,5.57,5.84,96971400.0,0,,,,a
2020-06-02,6.2,6.34,5.56,5.7,263699100.0,0,,,,a
2020-06-03,5.51,5.65,5.36,5.37,109647300.0,0,,,,a
2020-06-04,5.39,5.48,5.28,5.36,49838800.0,0,,,,a
2020-06-05,5.35,5.42,5.25,5.25,45683400.0,0,,-1,,a
2020-06-08,5.3,5.38,5.23,5.29,49796500.0,0,-1,,,a
2020-06-09,5.27,5.3,5.12,5.15,51745500.0,0,,,-1.0,a
2020-06-10,5.16,5.24,5.14,5.17,28931200.0,0,,,,a
2020-06-11,5.16,5.22,5.07,5.08,37575800.0,0,,,,a
2020-06-12,4.99,5.12,4.95,5.08,30939100.0,0,,,,a
2020-06-15,5.03,5.13,5.0,5.01,29441000.0,0,,,,a
2020-06-16,5.05,5.08,5.03,5.06,21143800.0,0,,,,a
2020-06-17,5.06,5.07,5.0,5.03,25981800.0,0,,,,a
2020-06-18,5.03,5.04,4.97,4.99,24713300.0,0,,,,a
2020-06-19,5.0,5.08,4.98,5.08,25741600.0,0,,,,a
2020-06-22,5.04,5.09,5.03,5.04,21339500.0,0,,,,a
2020-06-23,5.03,5.08,5.0,5.03,20996700.0,0,,,,a
2020-06-24,5.04,5.05,4.95,4.95,17602400.0,0,,,,a
2020-06-29,4.95,4.97,4.81,4.81,27084200.0,0,,,,a
2020-06-30,4.84,4.93,4.84,4.86,21681300.0,0,,,,a
2020-07-01,4.87,4.92,4.85,4.9,18364400.0,0,,,,a
2020-07-02,4.91,4.96,4.88,4.94,26799700.0,0,,,,a
2020-07-03,4.94,5.04,4.92,5.03,30506000.0,0,,,1.0,a
2020-07-06,5.04,5.18,5.04,5.17,62471300.0,0,,1,,a
2020-07-07,5.25,5.29,5.15,5.19,61812600.0,0,1,,,a
2020-07-08,5.19,5.23,5.12,5.23,51321200.0,0,,,,a
2020-07-09,5.24,5.43,5.21,5.35,69850100.0,0,,,,a
2020-07-10,5.28,5.76,5.25,5.53,114625100.0,0,,,,a
2020-07-13,5.8,6.08,5.74,5.93,160706900.0,0,,,,a
2020-07-14,5.75,5.85,5.61,5.7,98681500.0,0,,,,a
2020-07-15,5.7,5.81,5.45,5.45,80117600.0,0,,,,a
2020-07-16,5.4,5.47,5.18,5.2,57776400.0,0,,,,a
2020-07-17,5.24,5.55,5.18,5.53,66377900.0,0,,,,a
2020-07-20,5.54,5.85,5.46,5.71,76579900.0,0,,,-1.0,a
2020-07-21,5.66,5.9,5.61,5.77,73036500.0,0,-1,,,a
2020-07-22,5.72,5.78,5.63,5.7,63046800.0,0,,,,a
2020-07-23,5.64,5.64,5.38,5.49,66051300.0,0,1,,,a
2020-07-24,5.48,5.54,5.28,5.28,47072000.0,0,,,,a
2020-07-27,5.31,5.44,5.28,5.33,30736600.0,0,-1,-1,,a
2020-07-28,5.35,5.45,5.29,5.33,27028100.0,0,,,,a
2020-07-29,5.33,5.39,5.23,5.39,34099100.0,0,,,,a
2020-07-30,5.5,5.58,5.33,5.45,69062200.0,0,,,,a
2020-07-31,5.36,5.44,5.29,5.36,47699500.0,0,,,,a
2020-08-03,5.36,5.53,5.36,5.52,56328400.0,0,,,,a
2020-08-04,5.53,5.58,5.4,5.43,52542600.0,0,1,,1.0,a
2020-08-05,5.44,5.52,5.35,5.5,42181700.0,0,,,,a
2020-08-06,5.54,5.73,5.45,5.66,83600800.0,0,,1,,a
2020-08-07,5.86,6.23,5.79,5.89,194212400.0,0,,,,a
2020-08-10,5.88,6.11,5.7,5.85,117701700.0,0,,,,a
2020-08-11,5.83,5.84,5.53,5.57,83915300.0,0,,,,a
2020-08-12,5.54,5.92,5.53,5.75,83983600.0,0,,,,a
2020-08-13,5.69,6.04,5.63,5.98,105009400.0,0,,,,a
2020-08-14,5.91,5.93,5.68,5.8,68121800.0,0,,,,a
2020-08-17,5.78,5.88,5.74,5.83,56623400.0,0,,,-1.0,a
2020-08-18,5.83,6.02,5.8,5.9,76429600.0,0,,,,a
2020-08-19,5.85,6.1,5.71,5.86,99244800.0,0,,,,a
2020-08-20,5.76,5.8,5.6,5.61,69169600.0,0,-1,-1,,a
2020-08-21,5.64,5.69,5.51,5.59,40568500.0,0,,,,a
2020-08-24,5.61,5.83,5.54,5.76,50871800.0,0,,,,a
2020-08-25,5.73,5.76,5.56,5.59,40762400.0,0,,,,a
2020-08-26,5.61,5.63,5.38,5.43,41491600.0,0,,,,a
2020-08-27,5.45,5.51,5.41,5.47,20959500.0,0,,,,a
2020-08-28,5.46,5.51,5.39,5.49,25110300.0,0,,,,a
2020-08-31,5.47,5.56,5.4,5.41,35535000.0,0,,,,a
2020-09-01,5.4,5.44,5.34,5.44,23546200.0,0,,,,a
2020-09-02,5.49,5.62,5.46,5.52,41948900.0,0,,,,a
2020-09-03,5.49,5.5,5.34,5.38,35092700.0,0,,,,a
2020-09-04,5.3,5.3,5.2,5.3,27895400.0,0,,,,a
2020-09-07,5.26,5.35,5.22,5.27,26259600.0,0,,,,a
2020-09-08,5.27,5.32,5.23,5.31,16816400.0,0,,,1.0,a
2020-09-09,5.25,5.28,5.13,5.14,29369200.0,0,,,-1.0,a
2020-09-10,5.17,5.21,5.05,5.08,26267300.0,0,,,,a
2020-09-11,5.06,5.14,5.04,5.09,14908200.0,0,,,,a
2020-09-14,5.11,5.17,5.09,5.13,14418000.0,0,,,,a
2020-09-15,5.16,5.16,5.1,5.15,13297200.0,0,,,,a
2020-09-16,5.15,5.19,5.11,5.13,12271600.0,0,,,,a
2020-09-17,5.12,5.15,5.06,5.11,13971600.0,0,,,,a
2020-09-18,5.11,5.19,5.1,5.19,18463400.0,0,,,,a
2020-09-21,5.2,5.24,5.16,5.21,19188400.0,0,1,,,a
2020-09-22,5.17,5.19,5.09,5.09,17113100.0,0,,,,a
2020-09-23,5.12,5.13,5.04,5.08,12893400.0,0,,,1.0,a
2020-09-24,5.05,5.13,5.01,5.02,14357400.0,0,-1,,,a
2020-09-25,5.05,5.06,4.92,4.94,17401900.0,0,,,,a
2020-09-28,4.95,5.02,4.91,4.92,11811800.0,0,,,-1.0,a
2020-09-29,4.92,5.1,4.92,5.06,22527700.0,0,,,,a
2020-09-30,5.06,5.12,4.98,4.98,16285100.0,0,,,1.0,a
2020-10-09,5.03,5.12,5.02,5.1,15984900.0,0,,1,,a
2020-10-12,5.16,5.23,5.16,5.22,23736000.0,0,,,,a
2020-10-13,5.21,5.21,5.14,5.17,15788300.0,0,1,,,a
2020-10-14,5.18,5.2,5.13,5.15,13970200.0,0,,,,a
2020-10-15,5.15,5.16,5.08,5.09,17907700.0,0,,,,a
2020-10-16,5.25,5.3,5.16,5.3,44000000.0,0,,,,a
2020-10-19,5.45,5.61,5.34,5.36,68854500.0,0,,,,a
2020-10-20,5.36,5.46,5.21,5.45,35520300.0,0,,,,a
2020-10-21,5.57,5.63,5.47,5.47,56146000.0,0,,,,a
2020-10-22,5.39,5.48,5.32,5.39,26290600.0,0,,,,a
2020-10-23,5.4,5.49,5.36,5.37,27654400.0,0,,,,a
2020-10-26,5.55,5.73,5.48,5.53,65809100.0,0,,,,a
2020-10-27,5.55,5.59,5.39,5.45,37829300.0,0,,,,a
2020-10-28,5.62,5.82,5.53,5.76,107161200.0,0,,,,a
2020-10-29,5.52,5.6,5.47,5.49,71900100.0,0,,,,a
2020-10-30,5.49,5.53,5.26,5.26,53682600.0,0,,,,a
2020-11-02,5.22,5.28,5.08,5.12,37733600.0,0,-1,-1,,a
2020-11-03,5.14,5.19,5.11,5.17,23602800.0,0,,,,a
2020-11-04,5.19,5.19,5.06,5.11,21397200.0,0,,,-1.0,a
2020-11-05,5.14,5.17,5.11,5.15,23396200.0,0,,,,a
2020-11-06,5.14,5.17,5.1,5.13,25073100.0,0,,,,a
2020-11-09,5.12,5.18,5.1,5.16,37377300.0,0,,,,a
2020-11-10,5.16,5.18,5.05,5.06,35496200.0,0,,,,a
2020-11-11,5.06,5.11,5.05,5.09,20768900.0,0,,,,a
2020-11-12,5.09,5.14,5.05,5.14,16591000.0,0,,,,a
2020-11-13,5.11,5.11,5.06,5.1,16345900.0,0,,,,a
2020-11-16,5.13,5.24,5.1,5.19,36682500.0,0,,,,a
2020-11-17,5.18,5.22,5.13,5.16,20954700.0,0,1,,,a
2020-11-18,5.14,5.22,5.14,5.18,22088500.0,0,,,,a
2020-11-19,5.16,5.23,5.14,5.21,24175400.0,0,,1,,a
2020-11-20,5.18,5.32,5.15,5.31,34257900.0,0,,,1.0,a
2020-11-23,5.31,5.43,5.28,5.37,60238900.0,0,,,,a
2020-11-24,5.34,5.36,5.28,5.35,33660800.0,0,,,,a
2020-11-25,5.37,5.4,5.21,5.21,35991800.0,0,,,,a
2020-11-26,5.2,5.25,5.15,5.17,23875400.0,0,,,,a
2020-11-27,5.17,5.3,5.13,5.26,39924400.0,0,,,,a
2020-11-30,5.3,5.38,5.24,5.26,49978300.0,0,,,,a
2020-12-01,5.22,5.3,5.19,5.28,36955400.0,0,-1,,,a
2020-12-02,5.28,5.44,5.26,5.41,66976100.0,0,,,,a
2020-12-03,5.41,5.48,5.36,5.42,43803100.0,0,1,,,a
2020-12-04,5.29,5.3,5.23,5.27,44825900.0,0,,,,a
2020-12-07,5.25,5.31,5.21,5.28,27606900.0,0,,,,a
2020-12-08,5.27,5.28,5.13,5.13,40175200.0,0,,-1,,a
2020-12-09,5.13,5.16,5.05,5.06,37585500.0,0,-1,,-1.0,a
2020-12-10,5.05,5.08,5.02,5.06,24054400.0,0,,,,a
2020-12-11,5.08,5.15,4.97,5.02,29841900.0,0,,,,a
2020-12-14,5.04,5.06,5.0,5.04,12414900.0,0,,,,a
2020-12-15,5.03,5.03,4.92,4.93,22068300.0,0,,,,a
2020-12-16,4.93,4.93,4.8,4.82,24467200.0,0,,,,a
2020-12-17,4.86,4.86,4.68,4.83,25420800.0,0,,,,a
2020-12-18,4.83,4.96,4.8,4.94,26530200.0,0,,,,a
2020-12-21,4.98,5.05,4.97,5.01,29355800.0,0,,,,a
2020-12-22,4.95,4.98,4.8,4.82,26034600.0,0,,,1.0,a
2020-12-23,4.8,4.9,4.79,4.88,19678200.0,0,,,,a
2020-12-24,4.87,4.96,4.78,4.78,22455300.0,0,,,,a
2020-12-25,4.76,4.85,4.73,4.81,17182600.0,0,,,,a
2020-12-28,4.82,4.82,4.72,4.73,20410600.0,0,,,-1.0,a
2020-12-29,4.74,4.79,4.7,4.7,18255400.0,0,,,,a
2020-12-30,4.71,4.76,4.68,4.75,15507400.0,0,,,,a
2020-12-31,4.73,4.83,4.73,4.82,19835900.0,0,,,,a
2021-01-04,4.83,5.3,4.83,5.12,81463500.0,0,,1,1.0,a
2021-01-05,5.0,5.06,4.9,5.0,47429400.0,0,1,,,a
2021-01-06,5.02,5.05,4.9,4.94,29872600.0,0,,,,a
2021-01-07,4.94,5.09,4.87,5.0,36438200.0,0,,,,a
2021-01-08,5.01,5.04,4.9,4.96,24344000.0,0,,,,a
2021-01-11,4.9,4.93,4.75,4.76,28791200.0,0,,,,a
2021-01-12,4.73,4.8,4.71,4.77,18197500.0,0,,,-1.0,a
2021-01-13,4.78,4.8,4.65,4.74,17804500.0,0,-1,,,a
2021-01-14,4.73,4.74,4.67,4.69,14944500.0,0,,-1,,a
2021-01-15,4.7,4.85,4.7,4.76,19983900.0,0,,,,a
2021-01-18,5.24,5.24,5.12,5.24,61274800.0,0,,1,,a
2021-01-19,5.5,5.65,5.22,5.23,173745600.0,0,1,,1.0,a
2021-01-20,5.12,5.22,5.05,5.17,72187800.0,0,,,,a
2021-01-21,5.13,5.59,5.11,5.36,84035700.0,0,,,,a
2021-01-22,5.24,5.34,5.17,5.23,51245100.0,0,,,,a
2021-01-25,5.25,5.46,5.18,5.27,51357600.0,0,,,,a
2021-01-26,5.18,5.25,5.12,5.12,32278600.0,0,,,,a
2021-01-27,5.09,5.43,5.09,5.34,58465600.0,0,,,-1.0,a
2021-01-28,5.26,5.5,5.23,5.39,64315200.0,0,,,,a
2021-01-29,5.5,5.65,5.38,5.45,66396500.0,0,,,,a
2021-02-01,5.55,5.6,5.19,5.41,60586100.0,0,,,,a
2021-02-02,5.32,5.34,5.14,5.22,44158100.0,0,,,1.0,a
2021-02-03,5.22,5.22,5.09,5.12,35581900.0,0,,,-1.0,a
2021-02-04,5.12,5.14,4.85,4.9,42868000.0,0,-1,-1,,a
2021-02-05,4.89,5.02,4.84,4.84,22924400.0,0,,,,a
2021-02-08,4.88,4.97,4.83,4.94,17324000.0,0,,,,a
2021-02-09,4.91,4.98,4.88,4.95,17159200.0,0,,,,a
2021-02-10,4.91,5.0,4.91,4.95,19379600.0,0,,,,a
2021-02-18,5.1,5.13,5.0,5.08,33950500.0,0,,,,a
2021-02-19,5.08,5.48,5.05,5.35,56191000.0,0,,,,a
2021-02-22,5.56,5.88,5.48,5.72,147831400.0,0,1,1,1.0,a
2021-02-23,5.74,5.93,5.66,5.77,112931700.0,0,,,,a
2021-02-24,5.84,5.92,5.69,5.8,91533900.0,0,,,,a
2021-02-25,6.38,6.38,5.91,5.94,270087700.0,0,,,,a
2021-02-26,5.48,5.66,5.38,5.48,171714800.0,0,,,,a
2021-03-01,5.49,5.57,5.44,5.53,76439500.0,0,,,,a
2021-03-02,5.46,5.47,5.28,5.36,70437300.0,0,,,,a
2021-03-03,5.36,5.46,5.32,5.45,61769300.0,0,,,,a
2021-03-04,5.38,5.54,5.36,5.42,60114600.0,0,-1,-1,-1.0,a
2021-03-05,5.34,5.5,5.3,5.41,46702100.0,0,,,,a
2021-03-08,5.49,5.52,5.32,5.34,45104300.0,0,,,,a
2021-03-09,5.26,5.31,5.09,5.15,51967800.0,0,,,,a
2021-03-10,5.19,5.24,5.13,5.17,30541300.0,0,,,,a
2021-03-11,5.18,5.32,5.14,5.31,40208800.0,0,,,,a
2021-03-12,5.31,5.48,5.23,5.4,57630600.0,0,,,,a
2021-03-15,5.4,5.49,5.33,5.38,45768200.0,0,,,,a
2021-03-16,5.39,5.48,5.32,5.4,38991900.0,0,,,,a
2021-03-17,5.38,5.53,5.32,5.44,45322600.0,0,1,,,a
2021-03-18,5.45,5.59,5.36,5.52,59808400.0,0,,,1.0,a
2021-03-19,5.38,5.42,5.29,5.3,57366300.0,0,,,,a
2021-03-22,5.27,5.43,5.24,5.4,47223400.0,0,,,,a
2021-03-23,5.41,5.43,5.3,5.36,38794500.0,0,,,,a
2021-03-24,5.3,5.34,5.2,5.21,35139300.0,0,-1,,,a
2021-03-25,5.21,5.52,5.21,5.42,67516000.0,0,,,-1.0,a
2021-03-26,5.42,5.64,5.37,5.6,90887900.0,0,,1,1.0,a
2021-03-29,5.5,5.62,5.48,5.51,60222500.0,0,1,,,a
2021-03-30,5.51,5.56,5.4,5.47,42208300.0,0,,,,a
2021-03-31,5.45,5.53,5.41,5.43,36564600.0,0,,,,a
2021-04-01,5.4,5.5,5.32,5.45,53870500.0,0,,,,a
2021-04-02,5.43,5.6,5.4,5.54,46025400.0,0,,,-1.0,a
2021-04-06,5.54,5.59,5.41,5.43,44872800.0,0,,,,a
2021-04-07,5.41,5.51,5.37,5.5,44210600.0,0,,,,a
2021-04-08,5.46,5.6,5.41,5.42,72162600.0,0,-1,-1,,a
2021-04-09,5.45,5.69,5.41,5.58,91137600.0,0,1,1,1.0,a
2021-04-12,5.76,5.81,5.57,5.6,109083600.0,0,,,,a
2021-04-13,5.55,5.6,5.37,5.38,59890900.0,0,,-1,,a
2021-04-14,5.35,5.45,5.31,5.4,38564800.0,0,,,,a
2021-04-15,5.38,5.4,5.31,5.33,30107000.0,0,-1,,,a
2021-04-16,5.34,5.44,5.33,5.36,38122500.0,0,,,-1.0,a
2021-04-19,5.34,5.38,5.31,5.36,35152900.0,0,,,,a
2021-04-20,5.36,5.39,5.29,5.29,41212900.0,0,,,,a
2021-04-21,5.26,5.27,5.18,5.19,36610300.0,0,,,,a
2021-04-22,5.21,5.22,5.19,5.19,20434600.0,0,,,,a
2021-04-23,5.18,5.19,5.08,5.15,29596800.0,0,,,,a
2021-04-26,5.13,5.18,5.11,5.14,20543800.0,0,,,,a
2021-04-27,5.16,5.17,5.09,5.12,17665800.0,0,,,,a
2021-04-28,5.1,5.14,5.05,5.11,22765800.0,0,,,,a
2021-04-29,5.13,5.27,5.1,5.27,40717000.0,0,,,,a
2021-04-30,5.2,5.23,5.13,5.17,28649500.0,0,,,,a
2021-05-06,5.19,5.26,5.18,5.26,26531400.0,0,,,,a
2021-05-07,5.25,5.34,5.24,5.29,45884000.0,0,1,,1.0,a
2021-05-10,5.32,5.43,5.29,5.43,68941500.0,0,,1,,a
2021-05-11,5.31,5.33,5.18,5.26,51387100.0,0,,,,a
2021-05-12,5.22,5.38,5.22,5.38,53900600.0,0,,,,a
2021-05-13,5.36,5.54,5.32,5.33,68743900.0,0,,,,a
2021-05-14,5.29,5.34,5.24,5.3,49847900.0,0,,,,a
2021-05-17,5.3,5.3,5.19,5.21,37383700.0,0,,,,a
2021-05-18,5.21,5.24,5.18,5.22,22309900.0,0,,,,a
2021-05-19,5.21,5.22,5.12,5.14,29519300.0,0,-1,-1,-1.0,a
2021-05-20,5.09,5.13,5.07,5.13,22491500.0,0,,,,a
2021-05-21,5.12,5.33,5.11,5.28,52358600.0,0,,,,a
2021-05-24,5.35,5.43,5.27,5.34,71122900.0,0,,1,,a
2021-05-25,5.36,5.39,5.24,5.31,48034500.0,0,,,,a
2021-05-26,5.3,5.5,5.28,5.4,73199800.0,0,1,,1.0,a
2021-05-27,5.4,5.44,5.32,5.33,53650300.0,0,,,,a
2021-05-28,5.32,5.48,5.29,5.43,68743300.0,0,,,,a
2021-05-31,5.4,5.55,5.37,5.45,64232000.0,0,,,,a
2021-06-01,5.48,5.64,5.43,5.53,87033000.0,0,,,,a
2021-06-02,5.5,5.63,5.45,5.48,70446100.0,0,,,,a
2021-06-03,5.49,5.57,5.45,5.46,56483400.0,0,,,,a
2021-06-04,5.42,5.63,5.4,5.55,62211200.0,0,,,,a
2021-06-07,5.52,5.54,5.38,5.43,47893900.0,0,,,,a
2021-06-08,5.41,5.46,5.38,5.43,31230300.0,0,,,-1.0,a
2021-06-09,5.41,5.43,5.34,5.41,25418400.0,0,,,,a
2021-06-10,5.39,5.4,5.27,5.29,40965500.0,0,-1,-1,,a
2021-06-11,5.27,5.34,5.23,5.29,36659600.0,0,,,,a
2021-06-15,5.3,5.3,5.17,5.18,31562100.0,0,,,,a
2021-06-16,5.18,5.2,5.12,5.15,28437200.0,0,,,,a
2021-06-17,5.16,5.19,5.1,5.12,25764300.0,0,,,,a
2021-06-18,5.13,5.17,5.07,5.14,32741900.0,0,,,,a
2021-06-21,5.16,5.23,5.14,5.21,38029400.0,0,,,,a
2021-06-22,5.19,5.29,5.16,5.25,37177000.0,0,,,,a
2021-06-23,5.25,5.25,5.17,5.22,26105800.0,0,,,,a
2021-06-24,5.2,5.22,5.14,5.16,22791700.0,0,,,,a
2021-06-25,5.17,5.19,5.12,5.19,22808700.0,0,1,,,a
2021-06-28,5.19,5.23,5.13,5.14,21471900.0,0,,,,a
2021-06-29,5.16,5.16,5.05,5.06,28094300.0,0,-1,,,a
2021-06-30,5.06,5.09,5.03,5.09,20104200.0,0,,,,a
2021-07-01,5.09,5.1,4.97,5.0,30097000.0,0,,,,a
2021-07-02,4.99,5.01,4.9,4.94,23761500.0,0,,,,a
2021-07-05,4.95,5.04,4.95,5.03,18703700.0,0,,,,a
2021-07-06,5.03,5.07,5.01,5.05,16383300.0,0,,,,a
2021-07-07,5.02,5.04,4.99,5.03,15013200.0,0,,,,a
2021-07-08,5.02,5.04,4.96,4.97,18073200.0,0,,,,a
2021-07-09,5.0,5.04,4.95,5.04,22892900.0,0,,,,a
2021-07-12,5.07,5.09,5.01,5.03,21960500.0,0,1,,,a
2021-07-13,5.01,5.05,4.96,5.05,20078600.0,0,,1,,a
2021-07-14,5.04,5.05,4.96,4.98,18752900.0,0,,,,a
2021-07-15,4.97,4.98,4.87,4.94,23698600.0,0,,-1,1.0,a
2021-07-16,4.93,5.03,4.93,5.01,25394600.0,0,-1,1,,a
2021-07-19,5.0,5.02,4.94,4.96,18624500.0,0,,,,a
2021-07-20,4.89,4.9,4.8,4.88,28409000.0,0,,-1,,a
2021-07-21,4.89,4.91,4.86,4.89,14644600.0,0,,,,a
2021-07-22,4.9,4.9,4.86,4.89,17151700.0,0,,,-1.0,a
2021-07-23,4.87,4.93,4.87,4.91,20043200.0,0,,,,a
2021-07-26,4.9,4.92,4.8,4.83,24341100.0,0,,,,a
2021-07-27,4.83,4.86,4.75,4.78,21401700.0,0,,,,a
2021-07-28,4.78,4.8,4.63,4.66,27961300.0,0,,,1.0,a
2021-07-29,4.67,4.74,4.65,4.7,15848700.0,0,,,,a
2021-07-30,4.69,4.75,4.68,4.74,15676200.0,0,,,,a
2021-08-02,4.69,4.8,4.66,4.79,18123000.0,0,,,-1.0,a
2021-08-03,4.76,4.79,4.74,4.74,16000300.0,0,,,,a
2021-08-04,4.74,4.85,4.72,4.79,15803700.0,0,,,,a
2021-08-05,4.77,4.82,4.74,4.79,17330600.0,0,,1,,a
2021-08-06,4.78,4.98,4.78,4.94,43272300.0,0,1,,1.0,a
2021-08-09,4.9,4.98,4.89,4.94,20868200.0,0,,,,a
2021-08-10,4.92,4.93,4.89,4.92,18003900.0,0,,,,a
2021-08-11,4.92,4.96,4.89,4.9,19843100.0,0,,,,a
2021-08-12,4.89,4.97,4.87,4.97,27951800.0,0,,,,a
2021-08-13,4.96,5.02,4.91,4.99,27639700.0,0,,,,a
2021-08-16,4.99,5.07,4.97,5.0,32317900.0,0,,,,a
2021-08-17,5.0,5.03,4.9,4.91,28224400.0,0,,,,a
2021-08-18,4.9,4.93,4.86,4.92,20910500.0,0,,,,a
2021-08-19,4.9,4.9,4.8,4.82,22139100.0,0,-1,,,a
2021-08-20,4.8,4.81,4.7,4.75,22352400.0,0,,,,a
2021-08-23,4.76,4.81,4.75,4.79,19199200.0,0,,-1,-1.0,a
2021-08-24,4.79,4.84,4.77,4.82,18194100.0,0,,,,a
2021-08-25,4.81,4.91,4.79,4.9,23283100.0,0,,1,,a
2021-08-26,4.89,5.0,4.88,4.95,31913100.0,0,,,,a
2021-08-27,4.92,4.92,4.85,4.9,18821000.0,0,,,,a
2021-08-30,4.87,4.87,4.81,4.82,25874900.0,0,1,,1.0,a
2021-08-31,4.83,4.91,4.77,4.9,30044100.0,0,,,,a
2021-09-01,4.89,4.93,4.84,4.92,26475800.0,0,,,,a
2021-09-02,4.96,5.14,4.91,5.07,67152200.0,0,,,,a
2021-09-03,5.05,5.11,5.01,5.08,40377100.0,0,,,,a
2021-09-06,5.08,5.08,5.02,5.04,29539600.0,0,,,,a
2021-09-07,5.04,5.08,5.0,5.07,32593200.0,0,,,,a
2021-09-08,5.04,5.13,5.02,5.11,43036600.0,0,,,,a
2021-09-09,5.1,5.22,5.08,5.2,55563900.0,0,,,,a
2021-09-10,5.18,5.25,5.12,5.17,37775400.0,0,,,,a
2021-09-13,5.18,5.32,5.17,5.29,57355800.0,0,,,,a
2021-09-14,5.3,5.44,5.21,5.23,83557200.0,0,,,,a
2021-09-15,5.2,5.38,5.19,5.29,61434700.0,0,,,,a
2021-09-16,5.32,5.4,5.22,5.27,56492700.0,0,,,,a
2021-09-17,5.26,5.29,5.08,5.19,46205000.0,0,,,,a
2021-09-22,5.1,5.25,5.08,5.2,39629900.0,0,,,,a
2021-09-23,5.2,5.3,5.19,5.28,47712700.0,0,,,-1.0,a
2021-09-24,5.27,5.48,5.17,5.45,101954300.0,0,,,,a
2021-09-27,5.25,5.26,4.91,4.99,110455200.0,0,-1,-1,1.0,a
2021-09-28,4.96,5.04,4.93,4.97,34769300.0,0,,,,a
2021-09-29,4.92,5.0,4.88,4.88,30335400.0,0,,,,a
2021-09-30,4.93,5.08,4.92,5.05,38112800.0,0,,,,a
2021-10-08,5.11,5.56,5.11,5.56,198189600.0,0,,,,a
2021-10-11,5.59,5.68,5.48,5.59,169615800.0,0,,1,,a
2021-10-12,5.62,5.78,5.54,5.62,117171600.0,0,1,,,a
2021-10-13,5.62,5.62,5.21,5.46,95327700.0,0,,,,a
2021-10-14,5.41,5.44,5.28,5.35,53789800.0,0,,,,a
2021-10-15,5.33,5.41,5.2,5.25,57320600.0,0,,,,a
2021-10-18,5.23,5.37,5.19,5.3,56099900.0,0,,-1,-1.0,a
2021-10-19,5.31,5.83,5.29,5.83,132574400.0,0,,1,,a
2021-10-20,5.77,5.87,5.66,5.68,145826400.0,0,,,,a
2021-10-21,5.85,5.96,5.65,5.65,119197100.0,0,,,,a
2021-10-22,5.56,5.67,5.45,5.46,83122100.0,0,,,1.0,a
2021-10-25,5.44,5.58,5.41,5.44,63291100.0,0,,,,a
2021-10-26,5.39,5.53,5.38,5.51,68567300.0,0,,-1,,a
2021-10-27,5.47,5.47,5.15,5.28,101025500.0,0,-1,,-1.0,a
2021-10-28,5.2,5.32,5.13,5.17,57805000.0,0,,,,a
2021-10-29,5.23,5.35,5.2,5.24,49177700.0,0,,,,a
2021-11-01,5.16,5.42,5.15,5.28,52999100.0,0,,,,a
2021-11-02,5.28,5.67,5.27,5.39,93152200.0,0,,,,a
2021-11-03,5.41,5.53,5.33,5.47,72259400.0,0,,,,a
2021-11-04,5.39,5.82,5.39,5.69,120639700.0,0,1,,1.0,a
2021-11-05,5.63,5.73,5.58,5.6,70993200.0,0,,1,,a
2021-11-08,5.6,5.65,5.5,5.55,48240100.0,0,,,,a
2021-11-09,5.56,5.65,5.55,5.63,46814800.0,0,,,,a
2021-11-10,5.61,5.8,5.53,5.68,58562300.0,0,,,,a
2021-11-11,5.63,5.73,5.62,5.64,41937400.0,0,,,-1.0,a
2021-11-12,5.61,5.82,5.61,5.73,64814900.0,0,,,,a
2021-11-15,5.73,5.8,5.53,5.67,75520500.0,0,,,,a
2021-11-16,5.68,5.86,5.61,5.68,63091200.0,0,,,,a
2021-11-17,5.62,5.67,5.53,5.61,45305000.0,0,,,,a
2021-11-18,5.57,5.65,5.52,5.61,45201400.0,0,,-1,1.0,a
2021-11-19,5.63,5.78,5.41,5.69,98476915.0,0,,,,a
2021-11-22,5.73,5.92,5.63,5.86,117285461.0,0,,1,,a
2021-11-23,5.81,5.83,5.69,5.72,69880995.0,0,,,,a
2021-11-24,5.69,5.7,5.53,5.57,62573354.0,0,,-1,,a
2021-11-25,5.58,5.63,5.5,5.61,48063498.0,0,,,,a
2021-11-26,5.55,5.56,5.4,5.42,59450318.0,0,-1,,,a
2021-11-29,5.3,5.43,5.3,5.37,44259321.0,0,,,-1.0,a
2021-11-30,5.38,5.41,5.28,5.29,47324173.0,0,,,,a
2021-12-01,5.3,5.53,5.27,5.53,64280936.0,0,,,,a
2021-12-02,5.5,5.54,5.35,5.36,53373285.0,0,,,,a
2021-12-03,5.33,5.39,5.29,5.36,30572682.0,0,,,,a
2021-12-06,5.3,5.45,5.3,5.35,45117083.0,0,,,,a
2021-12-07,5.37,5.46,5.3,5.43,54447973.0,0,,,,a
2021-12-08,5.41,5.42,5.32,5.35,47045379.0,0,,,,a
2021-12-09,5.32,5.42,5.3,5.33,50811694.0,0,,,,a
2021-12-10,5.34,5.39,5.3,5.3,44566992.0,0,,,1.0,a
2021-12-13,5.34,5.38,5.28,5.29,38933029.0,0,,,-1.0,a
2021-12-14,5.28,5.29,5.19,5.2,42073930.0,0,,,,a
2021-12-15,5.2,5.24,5.18,5.2,30351909.0,0,,,,a
2021-12-16,5.2,5.24,5.17,5.24,32742779.0,0,,,,a
2021-12-17,5.24,5.27,5.21,5.26,33319685.0,0,,,,a
2021-12-20,5.23,5.27,5.13,5.15,41452962.0,0,,,,a
2021-12-21,5.15,5.22,5.12,5.21,27713527.0,0,,,,a
2021-12-22,5.21,5.26,5.2,5.25,29845963.0,0,,,,a
2021-12-23,5.26,5.26,5.2,5.24,24099415.0,0,,,,a
2021-12-24,5.23,5.24,5.16,5.18,25635410.0,0,,,,a
2021-12-27,5.16,5.23,5.15,5.22,19361296.0,0,1,,,a
2021-12-28,5.23,5.33,5.22,5.3,45403296.0,0,,1,,a
2021-12-29,5.29,5.32,5.24,5.31,28492218.0,0,,,,a
2021-12-30,5.31,5.32,5.26,5.28,23050975.0,0,,,,a
2021-12-31,5.28,5.31,5.26,5.28,22123437.0,0,,,,a
2022-01-04,5.28,5.39,5.26,5.38,50416688.0,0,,,1.0,a
2022-01-05,5.4,5.45,5.33,5.34,39205042.0,0,,,,a
2022-01-06,5.32,5.36,5.28,5.28,28945267.0,0,,,,a
2022-01-07,5.29,5.35,5.28,5.3,33719769.0,0,,,,a
2022-01-10,5.29,5.37,5.27,5.35,29443729.0,0,,,,a
2022-01-11,5.35,5.36,5.29,5.31,24135761.0,0,,,-1.0,a
2022-01-12,5.31,5.36,5.29,5.35,24607660.0,0,,,,a
2022-01-13,5.36,5.44,5.33,5.35,34717983.0,0,,,,a
2022-01-14,5.33,5.34,5.21,5.23,30623600.0,0,,,,a
2022-01-17,5.23,5.29,5.19,5.22,27545473.0,0,-1,,,a
2022-01-18,5.19,5.2,5.12,5.18,32209110.0,0,,-1,,a
2022-01-19,5.18,5.21,5.1,5.15,24691081.0,0,,,1.0,a
2022-01-20,5.15,5.18,5.09,5.1,25497916.0,0,,,-1.0,a
2022-01-21,5.06,5.08,4.99,5.02,30645992.0,0,,,,a
2022-01-24,4.96,5.01,4.95,4.97,15782608.0,0,,,,a
2022-01-25,4.98,4.99,4.77,4.78,33258499.0,0,,,,a
2022-01-26,4.8,4.85,4.78,4.83,16299036.0,0,,,,a
2022-01-27,4.82,4.85,4.76,4.76,19837267.0,0,,,,a
2022-01-28,4.75,4.87,4.73,4.83,17733593.0,0,,,,a
2022-02-07,4.94,4.95,4.89,4.9,18088769.0,0,,,,a
2022-02-08,4.91,5.03,4.89,5.02,23207005.0,0,,,,a
2022-02-09,5.01,5.19,5.01,5.14,41052468.0,0,,1,,a
2022-02-10,5.18,5.23,5.12,5.2,30974881.0,0,1,,1.0,a
2022-02-11,5.2,5.25,5.15,5.17,28557821.0,0,,,,a
2022-02-14,5.16,5.21,5.13,5.18,22793140.0,0,,,,a
2022-02-15,5.16,5.18,5.08,5.13,24046302.0,0,,,,a
2022-02-16,5.13,5.17,5.11,5.15,15298953.0,0,,,,a
2022-02-17,5.13,5.15,5.09,5.1,13321092.0,0,,,-1.0,a
2022-02-18,5.08,5.16,5.07,5.16,13649626.0,0,,,,a
2022-02-21,5.15,5.17,5.11,5.16,14360500.0,0,-1,,,a
2022-02-22,5.15,5.18,5.09,5.13,14466987.0,0,,,,a
2022-02-23,5.13,5.16,5.11,5.11,16004405.0,0,,,,a
2022-02-24,5.11,5.12,4.93,4.97,38503207.0,0,,,,a
2022-02-25,5.0,5.06,4.96,4.98,22976857.0,0,,-1,1.0,a
2022-02-28,4.98,5.03,4.91,5.01,18160083.0,0,,,,a
2022-03-01,5.01,5.11,4.99,5.03,21069499.0,0,,,,a
2022-03-02,5.03,5.22,5.02,5.21,51573710.0,0,,1,,a
2022-03-03,5.2,5.23,5.18,5.21,24792600.0,0,,,,a
2022-03-04,5.2,5.2,5.11,5.16,27269315.0,0,1,,,a
2022-03-07,5.21,5.25,5.12,5.14,28677308.0,0,,,,a
2022-03-08,5.13,5.14,4.96,4.97,27644108.0,0,,,,a
2022-03-09,5.05,5.33,4.92,5.03,66402904.0,0,,-1,,a
2022-03-10,5.06,5.09,4.97,5.05,41533999.0,0,-1,,,a
2022-03-11,4.97,5.11,4.8,5.1,54290733.0,0,,1,,a
2022-03-14,5.0,5.09,4.9,4.93,34050100.0,0,,-1,,a
2022-03-15,4.88,4.89,4.65,4.68,43436782.0,0,,,,a
2022-03-16,4.74,4.75,4.5,4.74,36139943.0,0,,,,a
2022-03-17,4.74,4.8,4.73,4.75,26137730.0,0,,,,a
2022-03-18,4.73,4.81,4.72,4.78,19150904.0,0,,,-1.0,a
2022-03-21,4.79,4.95,4.78,4.87,31566255.0,0,,,,a
2022-03-22,4.84,4.9,4.8,4.87,22487002.0,0,,,,a
2022-03-23,4.86,4.87,4.79,4.82,18935900.0,0,,,,a
2022-03-24,4.8,4.86,4.75,4.77,17305001.0,0,,,,a
2022-03-25,4.77,4.89,4.76,4.8,27805747.0,0,1,,,a
2022-03-28,4.78,4.82,4.71,4.78,19666365.0,0,,,,a
2022-03-29,4.78,4.84,4.76,4.79,16244666.0,0,-1,,,a
2022-03-30,4.82,4.86,4.79,4.86,21512123.0,0,,1,,a
2022-03-31,4.86,4.93,4.83,4.85,21565174.0,0,,,,a
2022-04-01,4.86,5.01,4.84,4.96,41807833.0,0,1,,1.0,a
2022-04-06,4.93,5.09,4.9,5.06,45299501.0,0,,,,a
2022-04-07,5.02,5.06,4.92,4.93,33519992.0,0,,,,a
2022-04-08,4.91,4.98,4.88,4.98,23526210.0,0,,,,a
2022-04-11,5.01,5.13,4.88,4.97,59231332.0,0,,,,a
2022-04-12,4.91,5.11,4.82,5.1,73248741.0,0,,,,a
2022-04-13,5.05,5.09,4.97,4.97,55201163.0,0,,,,a
2022-04-14,5.03,5.12,4.98,5.06,43743852.0,0,,,,a
2022-04-15,5.02,5.09,4.93,4.95,38520054.0,0,,,,a
2022-04-18,4.91,4.97,4.88,4.89,28096793.0,0,,,,a
2022-04-19,4.88,5.02,4.87,5.0,28341289.0,0,-1,,-1.0,a
2022-04-20,4.98,5.06,4.91,4.92,26869716.0,0,,,,a
2022-04-21,4.9,4.97,4.71,4.73,40458156.0,0,,-1,,a
2022-04-22,4.71,4.73,4.58,4.65,25946241.0,0,,,,a
2022-04-25,4.64,4.64,4.37,4.38,29413133.0,0,,,,a
2022-04-26,4.4,4.48,4.29,4.32,26950483.0,0,,,,a
2022-04-27,4.3,4.42,4.18,4.42,28271424.0,0,,,,a
2022-04-28,4.38,4.41,4.23,4.31,19171360.0,0,,,,a
2022-04-29,4.35,4.47,4.35,4.46,21348399.0,0,,,,a
2022-05-05,4.45,4.54,4.43,4.46,18404701.0,0,,,,a
2022-05-06,4.35,4.4,4.31,4.33,18349487.0,0,,,,a
2022-05-09,4.33,4.41,4.3,4.39,16039212.0,0,,,,a
2022-05-10,4.35,4.45,4.31,4.42,21181700.0,0,,,,a
2022-05-11,4.43,4.48,4.38,4.39,24912962.0,0,1,,,a
2022-05-12,4.36,4.41,4.32,4.36,18033274.0,0,-1,,,a
2022-05-13,4.37,4.45,4.34,4.41,18639700.0,0,,,,a
2022-05-16,4.45,4.55,4.44,4.51,37778880.0,0,1,1,1.0,a
2022-05-17,4.49,4.53,4.44,4.51,18992762.0,0,,,,a
2022-05-18,4.51,4.54,4.46,4.5,14839700.0,0,,,,a
2022-05-19,4.45,4.58,4.41,4.55,24617269.0,0,,,,a
2022-05-20,4.54,4.58,4.54,4.57,19199854.0,0,,,,a
2022-05-23,4.55,4.61,4.52,4.58,18956577.0,0,,,-1.0,a
2022-05-24,4.59,4.59,4.44,4.45,23322919.0,0,,,,a
2022-05-25,4.45,4.56,4.45,4.55,20011989.0,0,,,,a
2022-05-26,4.6,4.6,4.51,4.58,14680200.0,0,,,,a
2022-05-27,4.56,4.62,4.56,4.6,21808100.0,0,,,,a
2022-05-30,4.62,4.66,4.59,4.61,20611100.0,0,,,1.0,a
2022-05-31,4.62,4.82,4.59,4.7,38041990.0,0,,,,a
2022-06-01,4.72,4.82,4.68,4.75,33985185.0,0,,,,a
2022-06-02,4.73,4.75,4.67,4.71,19931801.0,0,,,,a
2022-06-06,4.71,4.76,4.69,4.73,20508601.0,0,,,,a
2022-06-07,4.73,4.74,4.64,4.7,20925524.0,0,,,,a
2022-06-08,4.68,4.72,4.65,4.7,17516643.0,0,,,-1.0,a
2022-06-09,4.75,4.82,4.71,4.78,35603078.0,0,,,,a
2022-06-10,4.67,4.89,4.65,4.85,40459152.0,0,,,1.0,a
2022-06-13,4.8,4.8,4.73,4.76,24953109.0,0,,,,a
2022-06-14,4.73,4.8,4.65,4.8,23101268.0,0,,,,a
2022-06-15,4.8,4.81,4.73,4.75,23474142.0,0,,,,a
2022-06-16,4.74,4.81,4.74,4.74,20878292.0,0,,,,a
2022-06-17,4.73,4.76,4.66,4.73,15643283.0,0,,,-1.0,a
2022-06-20,4.72,4.8,4.69,4.78,22391953.0,0,,,,a
2022-06-21,4.77,4.84,4.74,4.8,24661050.0,0,-1,,,a
2022-06-22,4.79,4.79,4.65,4.66,24300958.0,0,,-1,,a
2022-06-23,4.66,4.72,4.65,4.71,14306450.0,0,,,,a
2022-06-24,4.73,4.73,4.69,4.71,13351300.0,0,,,,a
2022-06-27,4.72,4.75,4.69,4.7,18827316.0,0,,,,a
2022-06-28,4.7,4.73,4.67,4.72,13531336.0,0,,,,a
2022-06-29,4.73,4.73,4.59,4.6,24378604.0,0,,,,a
2022-06-30,4.61,4.8,4.59,4.78,42091577.0,0,,,1.0,a
2022-07-01,4.74,4.82,4.7,4.76,32110232.0,0,,,,a
2022-07-04,4.78,4.8,4.73,4.78,24122139.0,0,1,,,a
2022-07-05,4.78,4.8,4.72,4.75,17538904.0,0,,,,a
2022-07-06,4.71,4.73,4.61,4.65,21325901.0,0,,,,a
2022-07-07,4.63,4.73,4.62,4.7,18557984.0,0,,,,a
2022-07-08,4.71,4.72,4.68,4.68,10010443.0,0,,,-1.0,a
2022-07-11,4.68,4.69,4.62,4.68,11621300.0,0,-1,,,a
2022-07-12,4.66,4.67,4.62,4.63,13538941.0,0,,,,a
2022-07-13,4.59,4.61,4.56,4.57,15661100.0,0,,,,a
2022-07-14,4.57,4.59,4.53,4.53,13418410.0,0,,,,a
2022-07-15,4.52,4.54,4.44,4.45,13998943.0,0,,,,a
2022-07-18,4.47,4.53,4.47,4.53,11249143.0,0,,,,a
2022-07-19,4.54,4.56,4.52,4.55,10030244.0,0,,,,a
2022-07-20,4.56,4.57,4.54,4.56,8920810.0,0,,,,a
2022-07-21,4.55,4.56,4.53,4.53,7410346.0,0,,,,a
2022-07-22,4.53,4.55,4.47,4.5,11170345.0,0,,,,a
2022-07-25,4.55,4.56,4.48,4.52,12439855.0,0,,,,a
2022-07-26,4.5,4.53,4.48,4.52,8487861.0,0,1,,,a
2022-07-27,4.52,4.53,4.49,4.5,7920868.0,0,-1,,,a
2022-07-28,4.51,4.54,4.49,4.5,11022378.0,0,,,,a
2022-07-29,4.51,4.54,4.47,4.49,12340359.0,0,,,1.0,a
2022-08-01,4.5,4.5,4.42,4.46,9911600.0,0,,,-1.0,a
2022-08-02,4.42,4.43,4.28,4.38,20105438.0,0,,,1.0,a
2022-08-03,4.38,4.47,4.36,4.37,15203801.0,0,,,,a
2022-08-04,4.39,4.41,4.33,4.37,9892801.0,0,,,,a
2022-08-05,4.37,4.43,4.35,4.43,9115477.0,0,,,,a
2022-08-08,4.41,4.48,4.4,4.45,8192545.0,0,,,,a
2022-08-09,4.45,4.45,4.4,4.43,8617394.0,0,,,-1.0,a
2022-08-10,4.43,4.43,4.37,4.39,7820335.0,0,,,,a
2022-08-11,4.41,4.46,4.4,4.46,10631163.0,0,1,1,,a
2022-08-12,4.45,4.48,4.42,4.46,10564202.0,0,,,,a
2022-08-15,4.46,4.5,4.44,4.48,11173245.0,0,,,,a
2022-08-16,4.47,4.5,4.46,4.49,8919647.0,0,,,,a
2022-08-17,4.5,4.52,4.47,4.51,9864511.0,0,,,1.0,a
2022-08-18,4.52,4.52,4.45,4.46,8603706.0,0,,,,a
2022-08-19,4.46,4.47,4.44,4.44,10076740.0,0,,,,a
2022-08-22,4.44,4.53,4.43,4.53,14169029.0,0,,,,a
2022-08-23,4.51,4.54,4.48,4.54,11708738.0,0,,,,a
2022-08-24,4.54,4.54,4.44,4.45,13341237.0,0,,,,a
2022-08-25,4.46,4.52,4.44,4.52,12259721.0,0,,,,a
2022-08-26,4.51,4.53,4.48,4.52,11243527.0,0,,,,a
2022-08-29,4.5,4.52,4.48,4.52,9794482.0,0,,,,a
2022-08-30,4.52,4.57,4.51,4.57,15593083.0,0,,,,a
2022-08-31,4.55,4.56,4.48,4.48,10249478.0,0,,,,a
2022-09-01,4.48,4.54,4.48,4.48,8966891.0,0,,,-1.0,a
2022-09-02,4.48,4.53,4.47,4.49,9337137.0,0,-1,,,a
